# 
# ----------------------------------------
# RELATÓRIO FINAL DE 30 EXECUÇÕES: 
# 
# Algoritmo: Swarm-GAP
# Quantidade de tarefas: 3
# Quantidade de vants: 3
# Quantidade energia cada uav: 300
# -------------------------------------------------------------------
Resultados nao tratados:
Tempo:             [89 53 109 139 129 119 119 124 124 118 74 99 124 139 52 63 110 148 119 129 22 108 105 108 110 22 109 117 109 118]
       soma: 3108
       mean: 103.6
tarefas concluidas:[ 3  2   3   3   3   3   3   3   2   2  3  3   3   3  2  3   3   3   3   3  1   2   3   1   3  1   3   3   2   3]
       soma: 78
       mean: 2.6
quant mensagens: [2 3 2 1 2 2 3 2 3 3 2 2 3 1 3 1 2 1 3 2 3 3 2 3 2 3 3 3 3 3]
       soma: 71
       mean: 2.3667
qualidade: [1 1 1 1 1 1 1 1 1 1 1 1 1 1 1 1 1 1 1 1 1 1 1 1 1 1 1 1 1 1]
       soma: 30
       mean: 1
runtime: [6.707354 1.698269 0.866946 2.033337 1.020291 1.007009 1.071607 0.993123 1.488778 1.162769 1.172428 1.03659 1.168202 0.837966 2.522351 0.898943 0.950863 0.773369 2.485525 1.043835 1.260572 1.395202 1.480931 1.245478 0.969578 1.50025 1.380712 1.148281 1.090323 2.089483]
       soma: 44.5004
       mean: 1.4833
quant execucao: [2 3 2 1 2 2 3 2 3 3 2 2 3 1 3 1 2 1 3 2 3 3 2 3 2 3 3 3 3 3]
       soma: 71
       mean: 2.3667
agentes ociosos: [1 2 1 2 1 1 1 1 2 2 2 1 1 2 2 2 1 2 1 1 2 1 1 2 1 2 0 1 2 1]
       soma: 42
       mean: 1.4
reconpensas: [1.3123 1.0727 1.2551999999999999 1.3104 1.2612 1.2612 1.2552 1.2245 0.8306 0.8856999999999999 1.5131000000000001 1.5272000000000001 1.2245 1.2856999999999998 0.8522000000000001 1.5272000000000001 1.2551999999999999 1.2856999999999998 1.2612 1.2612 0.6727 0.8 1.4727000000000001 0.4 1.5272000000000001 0.6727 1.2551999999999999 1.2551999999999999 0.8552 1.5285]
       soma: 35.1016
       mean: 1.1701

# estimulo    t/tc      t+m/tc                tempo        tarefas_concluídas     qualidade        mensagens_trocadas    agentes ociosos   custo comp             recompensa 
#             média     média             média | desvio     média | desvio     média | desvio     média | desvio     média | desvio     média | desvio        média | desvio
[0.6]       39.8462    40.7564        0.3453    0.1069        0.8667    0.2249        1    0        2.3667    0.7184            1.4    0.5632        1.4833    1.0862             1.1701    0.2932 