# 
# ----------------------------------------
# RELATÓRIO FINAL DE 30 EXECUÇÕES: 
# 
# Algoritmo: 0
# Quantidade de tarefas: 3
# Quantidade de vants: 3
# Quantidade energia cada uav: 300
# -------------------------------------------------------------------
Resultados nao tratados:
Tempo: [98 124 145 145 72 111 146 63 63 109 98 125 71 115 118 62 104 109 89 128 95 98 109 89 106 125 98 73 125 100]
       soma: 3113
       mean: 103.7667
tarefas concluidas: [3 3 3 3 3 3 3 3 3 3 3 3 3 3 3 3 3 3 3 3 3 3 3 3 3 3 3 3 3 3]
       soma: 90
       mean: 3
quant mensagens: [3 5 1 1 1 2 1 6 5 2 5 4 2 6 2 1 3 3 2 2 4 3 2 2 6 2 3 7 2 4]
       soma: 92
       mean: 3.0667
qualidade: [1 1 1 1 1 1 1 1 1 1 1 1 1 1 1 1 1 1 1 1 1 1 1 1 1 1 1 1 1 1]
       soma: 30
       mean: 1
runtime: [13.64231 5.029005 1.24246 2.396174 1.175447 2.448093 1.18571 3.989999 2.401004 2.254298 3.651916 3.491928 3.890989 2.536238 3.056041 0.889886 1.415124 1.518361 1.194766 1.927081 6.174871 4.3305 1.305247 1.230387 3.988188 1.308267 1.908365 2.929863 1.451952 1.969342]
       soma: 85.9338
       mean: 2.8645
quant execucao: [3 5 1 1 1 2 1 6 5 2 5 4 2 6 2 1 3 3 2 2 4 3 2 2 6 2 3 7 2 4]
       soma: 92
       mean: 3.0667
agentes ociosos: [0 1 2 2 2 1 2 2 2 1 1 1 2 1 1 2 0 1 1 1 1 1 1 1 0 1 0 2 1 1]
       soma: 35
       mean: 1.1667
reconpensas: [1.3170000000000002 1.2245 1.2856999999999998 1.2856999999999998 1.5272000000000001 1.3157 1.2856999999999998 1.4727000000000001 1.4727000000000001 1.5272000000000001 1.2898 1.2856999999999998 1.5428 1.3104 1.2551999999999999 1.5272000000000001 1.279 1.2552 1.5278999999999998 1.2245 1.4727000000000001 1.5272000000000001 1.3104 1.4727000000000001 1.2794 1.2319 1.3157 1.4727000000000001 1.2856999999999998 1.3151000000000002]
       soma: 40.8953
       mean: 1.3632

# estimulo    t/tc      t+m/tc                tempo        tarefas_concluídas     qualidade        mensagens_trocadas    agentes ociosos   custo comp             recompensa 
#             média     média             média | desvio     média | desvio     média | desvio     média | desvio     média | desvio     média | desvio        média | desvio
[0.6]       34.5889    35.6111        0.3459    0.0801        1    0        1    0        3.0667    1.7407            1.1667    0.6477        2.8645    2.4261             1.3632    0.113             