# 
# ----------------------------------------
# RELATÓRIO FINAL DE 30 EXECUÇÕES: 
# 
# Algoritmo: Swarm-GAP (com LOOP alocação e Ordenacao)
# Quantidade de tarefas: 3
# Quantidade de vants: 3
# Quantidade energia cada uav: 300
# -------------------------------------------------------------------
Resultados nao tratados:
Tempo: [109 119 108 124 110 138 62 108 124 109 124 97 112 120 108 118 99 62 109 109 111 104 130 118 129 119 91 109 98 62]
       soma: 3240
       mean: 108
tarefas concluidas: [3 3 3 3 3 3 3 3 3 3 3 3 3 3 3 3 3 3 3 3 3 3 3 3 3 3 3 3 3 3]
       soma: 90
       mean: 3
quant mensagens: [5 4 6 2 4 1 1 2 2 5 2 2 8 6 3 2 5 1 2 2 3 2 1 3 1 3 4 7 3 1]
       soma: 93
       mean: 3.1
qualidade: [1 1 1 1 1 1 1 1 1 1 1 1 1 1 1 1 1 1 1 1 1 1 1 1 1 1 1 1 1 1]
       soma: 30
       mean: 1
runtime: [1.887235 2.397986 3.598789 1.69344 2.134159 1.125338 0.870567 1.101189 0.853663 2.055069 1.029951 0.702129 2.883981 2.946767 1.272647 1.053495 2.378667 0.578969 0.732315 1.06074 1.556999 1.159146 0.737748 1.533454 0.591647 1.108433 1.930099 2.349687 1.553981 0.64719]
       soma: 45.5255
       mean: 1.5175
quant execucao: [5 4 6 2 4 1 1 2 2 5 2 2 8 6 3 2 5 1 2 2 3 2 1 3 1 3 4 7 3 1]
       soma: 93
       mean: 3.1
agentes ociosos: [1 1 0 1 1 2 2 1 1 1 1 1 1 1 1 1 0 2 1 1 1 1 2 1 2 1 1 1 1 2]
       soma: 34
       mean: 1.1333
reconpensas: [1.3104 1.3134000000000001 1.4727000000000001 1.2799 1.2000000000000002 1.2856999999999998 1.5272000000000001 1.4100000000000001 1.2245 1.2552 1.4973999999999998 1.5272000000000001 1.2551999999999999 1.2612 1.44 1.2857 1.2612 1.5272000000000001 1.5272000000000001 1.5272000000000001 1.3104 1.4727000000000001 1.3104 1.2856999999999998 1.3104 1.2612 1.2545000000000002 1.3115999999999999 1.2545000000000002 1.5272000000000001]
       soma: 40.6871
       mean: 1.3562

# estimulo    t/tc      t+m/tc                tempo        tarefas_concluídas     qualidade        mensagens_trocadas    agentes ociosos   custo comp             recompensa 
#             média     média             média | desvio     média | desvio     média | desvio     média | desvio     média | desvio     média | desvio        média | desvio
[0.6]       36    37.0333        0.36    0.0624        1    0        1    0        3.1    1.9182            1.1333    0.5074        1.5175    0.7889             1.3562    0.1138           