# 
# ----------------------------------------
# RELATÓRIO FINAL DE 30 EXECUÇÕES: 
# 
# Algoritmo: 0
# Quantidade de tarefas: 3
# Quantidade de vants: 3
# Quantidade energia cada uav: 300
# -------------------------------------------------------------------
Resultados nao tratados:
Tempo: [119 112 98 112 99 104 98 102 112 108 99 108 105 100 108 104 118 100 109 124 119 119 104 99 98 110 100 110 113 101]
       soma: 3212
       mean: 107.0667
tarefas concluidas: [3 3 3 3 3 3 3 3 3 3 3 3 3 3 3 3 3 3 3 3 3 3 3 3 3 3 3 3 3 3]
       soma: 90
       mean: 3
quant mensagens: [4 3 3 6 3 5 3 3 3 3 3 3 3 3 3 3 9 3 5 10 4 5 6 3 3 4 3 3 4 3]
       soma: 119
       mean: 3.9667
qualidade: [1 1 1 1 1 1 1 1 1 1 1 1 1 1 1 1 1 1 1 1 1 1 1 1 1 1 1 1 1 1]
       soma: 30
       mean: 1
runtime: [16.429093 3.199124 2.757199 6.814212 4.105914 2.897866 2.716749 2.672678 2.347272 2.462582 2.382891 1.752002 3.010159 1.874558 3.72074 2.826627 4.51403 2.029713 1.942779 3.51668 2.053258 3.608448 1.837129 2.229546 2.545293 1.400635 1.738116 1.675933 1.987454 1.659028]
       soma: 94.7077
       mean: 3.1569
quant execucao: [4 3 3 6 3 5 3 3 3 3 3 3 3 3 3 3 9 3 5 10 4 5 6 3 3 4 3 3 4 3]
       soma: 119
       mean: 3.9667
agentes ociosos: [1 0 0 1 0 0 0 0 0 0 0 0 0 0 0 0 1 0 1 1 1 1 0 0 0 1 0 0 1 0]
       soma: 9
       mean: 0.3
reconpensas: [1.2898 1.5272000000000001 1.2612 1.5227 1.2612 1.5032999999999999 1.3170000000000002 1.2000000000000002 1.5272000000000001 1.5272000000000001 1.3164 1.2551999999999999 1.2793999999999999 1.3183 1.5285 1.4973999999999998 1.2612 1.2379000000000002 1.2551999999999999 1.4745 1.317 1.3176999999999999 1.2858 1.3109 1.3109000000000002 1.2793999999999999 1.2379000000000002 1.3090000000000002 1.3151 1.3157]
       soma: 40.3602
       mean: 1.3453

# estimulo    t/tc      t+m/tc                tempo        tarefas_concluídas     qualidade        mensagens_trocadas    agentes ociosos   custo comp             recompensa 
#             média     média             média | desvio     média | desvio     média | desvio     média | desvio     média | desvio     média | desvio        média | desvio
[0.6]       35.6889    37.0111        0.3569    0.0252        1    0        1    0        3.9667    1.7711            0.3    0.4661        3.1569    2.7349             1.3453    0.1075   