# 00_swarm-gap_antecipado
# 
# ----------------------------------------
# RELATÓRIO FINAL DE 30 EXECUÇÕES: 
# 
# Algoritmo: Swarm-GAP
# Quantidade de tarefas: 3
# Quantidade de vants: 3
# Quantidade energia cada uav: 300
# -------------------------------------------------------------------
Resultados nao tratados:
Tempo: [108 125 98 110 71 138 89 130 109 119 109 137 117 109 100 118 104 110 109 99 89 148 109 104 118 50 121 99 110 52]
       soma: 3209
       mean: 106.9667
tarefas concluidas: [3 3 3 2 3 3 3 3 3 2 3 3 3 3 2 3 3 3 3 2 3 3 2 3 3 2 3 3 3 2]
       soma: 83
       mean: 2.7667
quant mensagens: [3 2 3 3 1 1 3 1 2 3 2 1 2 3 3 2 3 2 3 3 2 1 3 3 3 3 2 3 3 3]
       soma: 72
       mean: 2.4
qualidade: [0.43333333333333335 0.3666666666666667 0.6666666666666666 1 0.5 0.3 0.6666666666666666 1 0.7666666666666666 0.3 0.8333333333333334 1 0.7666666666666666 0.8333333333333334 0.4 0.7666666666666666 0.6 0.7666666666666666 0.8333333333333334 0.75 0.6666666666666666 0.3 1 0.6 0.3666666666666667 0.5 0.5333333333333333 0.6 0.7666666666666666 0.5]
       soma: 19.3833
       mean: 0.6461
runtime: [0.854871 0.788461 1.632466 2.262751 0.65685 0.688847 1.390371 0.644776 1.064966 2.983595 0.629682 0.458829 0.742578 1.349319 2.680527 0.943014 1.156128 0.68945 0.915244 0.732917 0.949655 0.751031 3.67848 1.241857 0.887472 0.992519 0.930336 1.170013 0.699714 0.717826]
       soma: 35.2845
       mean: 1.1762
quant execucao: [3 2 3 3 1 1 3 1 2 3 2 1 2 3 3 2 3 2 3 3 2 1 3 3 3 3 2 3 3 3]
       soma: 72
       mean: 2.4
agentes ociosos: [1 1 1 2 2 2 1 2 1 2 1 2 1 1 1 1 0 1 1 1 1 2 2 0 1 2 1 0 1 2]
       soma: 37
       mean: 1.2333
reconpensas: [1.4727000000000001 1.2857 1.5272000000000001 0.8552 1.5272000000000001 1.2857 1.5552000000000001 1.3104 1.3104 0.8612 1.3104 1.3104 1.317 1.2551999999999999 0.8606 1.2551999999999999 1.279 1.2000000000000002 1.3104 1.0727 1.2825000000000002 1.2856999999999998 0.8552 1.44 1.2856999999999998 1.1272 1.3158 1.2000000000000002 1.3104 0.8545]
       soma: 37.1188
       mean: 1.2373

# estimulo    t/tc      t+m/tc                tempo        tarefas_concluídas     qualidade        mensagens_trocadas    agentes ociosos   custo comp             recompensa 
#             média     média             média | desvio     média | desvio     média | desvio     média | desvio     média | desvio     média | desvio        média | desvio
[0.6]       38.6622    39.5297        0.3566    0.0722        0.9222    0.1434        0.6461    0.2194        2.4    0.7701            1.2333    0.6261        1.1762    0.7593             1.2373    0.2024    