# 01_AL_swarm-gap-loop_antecipado
# 
# ----------------------------------------
# RELATÓRIO FINAL DE 30 EXECUÇÕES: 
# 
# Algoritmo: Swarm-GAP (com LOOP alocação)
# Quantidade de tarefas: 3
# Quantidade de vants: 3
# Quantidade energia cada uav: 300
# -------------------------------------------------------------------
Resultados nao tratados:
Tempo: [110 92 130 109 131 98 73 149 118 111 124 104 90 109 99 139 120 118 71 146 104 139 109 89 121 97 106 138 73 98]
       soma: 3315
       mean: 110.5
tarefas concluidas: [3 3 3 3 3 3 3 3 3 3 3 3 3 3 3 3 3 3 3 3 3 3 3 3 3 3 3 3 3 3]
       soma: 90
       mean: 3
quant mensagens: [5 3 4 2 2 3 1 6 2 2 2 5 2 3 2 1 4 4 1 4 3 8 2 2 5 2 3 1 1 2]
       soma: 87
       mean: 2.9
qualidade: [0.8333333333333334 0.6666666666666666 1 0.7666666666666666 0.5333333333333333 0.6 0.5 0.3 0.7666666666666666 0.7666666666666666 0.5333333333333333 0.43333333333333335 0.6666666666666666 0.7666666666666666 0.6666666666666666 0.3 0.3666666666666667 0.7666666666666666 0.5 0.3 0.43333333333333335 0.3 0.7666666666666666 0.6666666666666666 0.3666666666666667 0.6666666666666666 0.6 0.3 0.5 0.43333333333333335]
       soma: 17.0667
       mean: 0.5689
runtime: [2.080427 0.903772 2.562196 0.915244 1.2491 1.380712 0.709374 1.861275 2.087671 0.789668 1.953645 2.528992 0.903168 1.306455 0.672547 0.972596 1.322756 1.610127 0.571121 1.368034 1.206236 1.940968 0.62606 0.627871 1.104811 1.04927 1.26359 0.415965 0.569913 0.91645]
       soma: 37.47
       mean: 1.249
quant execucao: [5 3 4 2 2 3 1 6 2 2 2 5 2 3 2 1 4 4 1 4 3 8 2 2 5 2 3 1 1 2]
       soma: 87
       mean: 2.9
agentes ociosos: [1 1 2 1 1 0 2 2 1 1 1 1 1 1 1 2 1 1 2 2 1 2 1 1 1 1 0 2 2 1]
       soma: 37
       mean: 1.2333
reconpensas: [1.2552 1.4727000000000001 1.2551999999999999 1.3104 1.3157999999999999 1.2323 1.5272000000000001 1.2612 1.3164 1.2000000000000002 1.2245 1.4854000000000003 1.2545000000000002 1.3104 1.5272000000000001 1.2857 1.3164 1.2551999999999999 1.5272000000000001 1.2856999999999998 1.4727000000000001 1.2612 1.3104 1.2545000000000002 1.3151000000000002 1.4526 1.4969000000000001 1.2856999999999998 1.5272000000000001 1.3134]
       soma: 40.3083
       mean: 1.3436

# estimulo    t/tc      t+m/tc                tempo        tarefas_concluídas     qualidade        mensagens_trocadas    agentes ociosos   custo comp             recompensa 
#             média     média             média | desvio     média | desvio     média | desvio     média | desvio     média | desvio     média | desvio        média | desvio
[0.6]       36.8333    37.8        0.3683    0.0699        1    0        0.5689    0.1908        2.9    1.6682            1.2333    0.5683        1.249    0.5902             1.3436    0.1085             