# 02_SAL_swarm-gap-loop-ordenado
# 
# ----------------------------------------
# RELATÓRIO FINAL DE 30 EXECUÇÕES: 
# 
# Algoritmo: 0
# Quantidade de tarefas: 3
# Quantidade de vants: 3
# Quantidade energia cada uav: 300
# -------------------------------------------------------------------
Resultados nao tratados:
Tempo: [108 110 139 138 93 104 62 110 109 118 108 138 110 104 89 130 108 109 113 111 62 104 62 118 118 119 100 119 105 118]
       soma: 3236
       mean: 107.8667
tarefas concluidas: [3 3 3 3 3 3 3 3 3 3 3 3 3 3 3 3 3 3 3 3 3 3 3 3 3 3 3 3 3 3]
       soma: 90
       mean: 3
quant mensagens: [3 2 2 1 3 5 1 4 2 2 2 4 2 3 2 1 3 2 6 5 1 3 1 2 4 2 3 3 6 2]
       soma: 82
       mean: 2.7333
qualidade: [0.6 0.8333333333333334 0.3 0.3 0.6666666666666666 0.6 0.5 0.7666666666666666 0.7666666666666666 0.3666666666666667 0.43333333333333335 0.3 0.8333333333333334 0.6 0.6666666666666666 1 0.43333333333333335 0.7666666666666666 0.8333333333333334 0.43333333333333335 0.5 0.6 0.5 0.5333333333333333 0.7666666666666666 0.5333333333333333 0.6666666666666666 0.5333333333333333 0.43333333333333335 0.3666666666666667]
       soma: 17.4333
       mean: 0.5811
runtime: [18.705729 2.821798 3.289682 1.727853 3.095284 3.545056 1.010027 4.579234 1.732079 1.934929 1.982624 2.832665 3.418879 2.70045 1.865501 0.803554 2.706486 2.65034 3.176183 4.440377 1.535266 1.870935 0.820458 2.195738 2.650944 1.192351 1.163372 1.250912 2.038771 1.184503]
       soma: 84.922
       mean: 2.8307
quant execucao: [3 2 2 1 3 5 1 4 2 2 2 4 2 3 2 1 3 2 6 5 1 3 1 2 4 2 3 3 6 2]
       soma: 82
       mean: 2.7333
agentes ociosos: [0 1 2 2 1 0 2 1 1 1 1 2 1 0 1 2 1 1 1 1 2 0 2 1 1 1 1 1 1 1]
       soma: 33
       mean: 1.1
reconpensas: [1.5284999999999997 1.2552 1.2917999999999998 1.2856999999999998 1.2545000000000002 1.4815999999999998 1.5272000000000001 1.3171 1.3104 1.2856999999999998 1.4526 1.2857 1.2551999999999999 1.4971999999999999 1.5409 1.3104 1.5272000000000001 1.2552 1.5110000000000001 1.4727000000000001 1.5272000000000001 1.279 1.5272000000000001 1.2857 1.2000000000000002 1.2612 1.5272000000000001 1.2612 1.2273 1.2856999999999998]
       soma: 41.0275
       mean: 1.3676

# estimulo    t/tc      t+m/tc                tempo        tarefas_concluídas     qualidade        mensagens_trocadas    agentes ociosos   custo comp             recompensa 
#             média     média             média | desvio     média | desvio     média | desvio     média | desvio     média | desvio     média | desvio        média | desvio
[0.6]       35.9556    36.8667        0.3596    0.0649        1    0        0.5811    0.1829        2.7333    1.4126            1.1    0.6074        2.8307    3.1604             1.3676    0.1217             