# 03_LAL_swarm-gap-loop-limite
# 
# ----------------------------------------
# RELATÓRIO FINAL DE 30 EXECUÇÕES: 
# 
# Algoritmo: Swarm-GAP (com LOOP alocação e LIMITE)
# Quantidade de tarefas: 3
# Quantidade de vants: 3
# Quantidade energia cada uav: 300
# -------------------------------------------------------------------
Resultados nao tratados:
Tempo: [110 100 98 109 108 120 104 104 109 98 108 108 98 108 112 130 110 98 101 110 104 89 100 118 104 100 112 101 89 98]
       soma: 3158
       mean: 105.2667
tarefas concluidas: [3 3 3 3 3 3 3 3 3 3 3 3 3 3 3 3 3 3 3 3 3 3 3 3 3 3 3 3 3 3]
       soma: 90
       mean: 3
quant mensagens: [3 6 3 3 6 4 7 8 3 3 3 3 5 3 3 8 4 3 3 4 4 4 4 5 3 6 3 3 6 3]
       soma: 126
       mean: 4.2
qualidade: [0.6 0.6666666666666666 0.6 0.6 0.6 0.3666666666666667 0.6 0.6 0.6 0.6 0.6 0.6 0.6666666666666666 0.6 0.6 0.5333333333333333 0.43333333333333335 0.6 0.6 0.6 0.6 0.6666666666666666 0.6 0.5333333333333333 0.6 0.6 0.6 0.6 0.6666666666666666 0.6]
       soma: 17.7333
       mean: 0.5911
runtime: [1.533455 1.960287 1.814789 2.094916 2.68113 2.291126 2.784365 3.059664 1.801507 1.340867 1.585375 1.482741 1.569076 1.08187 1.320944 3.053024 1.326377 1.831693 1.002178 1.186918 1.483948 1.334829 1.085492 1.447122 0.819854 1.840751 1.198992 1.663254 1.917421 1.013649]
       soma: 50.6076
       mean: 1.6869
quant execucao: [3 6 3 3 6 4 7 8 3 3 3 3 5 3 3 8 4 3 3 4 4 4 4 5 3 6 3 3 6 3]
       soma: 126
       mean: 4.2
agentes ociosos: [0 1 0 0 0 1 0 0 0 0 0 0 1 0 0 1 1 0 0 0 0 1 0 1 0 0 0 0 1 0]
       soma: 8
       mean: 0.2667
reconpensas: [1.2545000000000002 1.4609 1.3164 1.2552 1.2551999999999999 1.2606000000000002 1.2371 1.279 1.5272000000000001 1.3183 1.5279 1.3074 1.4727000000000001 1.5272000000000001 1.5278999999999998 1.2000000000000002 1.4727000000000001 1.2612 1.3134 1.2825 1.4854 1.2551999999999999 1.2319 1.2612 1.2803 1.3164 1.3096999999999999 1.3134000000000001 1.5161000000000002 1.3157]
       soma: 40.3426
       mean: 1.3448

# estimulo    t/tc      t+m/tc                tempo        tarefas_concluídas     qualidade        mensagens_trocadas    agentes ociosos   custo comp             recompensa 
#             média     média             média | desvio     média | desvio     média | desvio     média | desvio     média | desvio     média | desvio        média | desvio
[0.6]       35.0889    36.4889        0.3509    0.0285        1    0        0.5911    0.0606        4.2    1.5844            0.2667    0.4498        1.6869    0.5949             1.3448    0.1095             