# 
# ----------------------------------------
# RELATÓRIO FINAL DE 30 EXECUÇÕES: 
# 
# Algoritmo: 0
# Quantidade de tarefas: 4
# Quantidade de vants: 3
# Quantidade energia cada uav: 300
# -------------------------------------------------------------------
Resultados nao tratados:
Tempo: [251 92 48 116 174 85 207 121 32 116 87 85 48 88 36 127 174 88 69 85 82 150 121 183 212 48 85 67 78 48]
       soma: 3203
       mean: 106.7667
tarefas concluidas: [3 3 3 3 4 3 4 3 2 3 4 4 3 4 2 3 3 3 2 3 4 2 3 4 4 2 3 2 2 3]
       soma: 91
       mean: 3.0333
quant mensagens: [3 3 3 3 2 3 2 3 3 3 2 3 3 3 3 3 3 3 3 3 3 3 3 2 3 3 3 3 3 3]
       soma: 86
       mean: 2.8667
qualidade: [0.6 1 1 0.7333333333333334 0.625 1 0.7 0.7666666666666666 1 0.5 0.8 1 1 1 1 0.5333333333333333 0.7666666666666666 1 0.65 1 0.625 0.75 0.7666666666666666 0.625 0.7 1 1 0.65 0.6 1]
       soma: 24.3917
       mean: 0.8131
runtime: [9.314215 2.220488 2.564005 1.630046 1.474288 2.018241 1.790035 3.711077 1.794261 1.633669 1.61254 1.73389 3.304167 1.599257 1.881197 1.424179 1.292568 1.317319 1.415123 1.632464 2.276031 1.296794 1.905345 3.266133 1.147071 1.270834 2.7415 1.579939 1.134392 1.159146]
       soma: 63.1402
       mean: 2.1047
quant execucao: [3 3 3 3 2 3 2 3 3 3 2 3 3 3 3 3 3 3 3 3 3 3 3 2 3 3 3 3 3 3]
       soma: 86
       mean: 2.8667
agentes ociosos: [2 1 0 1 1 1 1 1 1 1 1 0 0 0 1 1 2 1 1 1 0 2 1 1 1 1 1 1 2 0]
       soma: 28
       mean: 0.9333
reconpensas: [1.2332999999999998 2.1896 1.9196 1.4984000000000002 2.0057 1.7962 1.9536 1.7605999999999997 1.4184 1.3651 1.8343 2.6149999999999998 1.9127 2.3169999999999997 1.3091 1.1444 1.6057000000000001 2.3553 1.0051 2.211 1.9766 0.9253 1.5943999999999998 2.0057 1.6332999999999998 1.1253 2.3982 1.0413 0.9651 1.7961999999999998]
       soma: 50.9115
       mean: 1.6971

# estimulo    t/tc      t+m/tc                tempo        tarefas_concluídas     qualidade        mensagens_trocadas    agentes ociosos   custo comp             recompensa 
#             média     média             média | desvio     média | desvio     média | desvio     média | desvio     média | desvio     média | desvio        média | desvio
[0.6]       35.1982    36.1433        0.3559    0.1874        0.7583    0.1796        0.8131    0.1784        2.8667    0.3457            0.9333    0.5833        2.1047    1.5154             1.6971    0.4705             
# 
# Algoritmo: Swarm-GAP
# Quantidade de tarefas: 8
# Quantidade de vants: 3
# Quantidade energia cada uav: 300
# -------------------------------------------------------------------
Resultados nao tratados:
Tempo: [260 251 184 279 226 207 249 247 219 229 151 116 214 126 248 219 153 259 154 185 175 174 293 246 253 117 242 125 149 243]
       soma: 6193
       mean: 206.4333
tarefas concluidas: [6 6 5 8 7 7 7 7 7 8 4 5 6 4 7 5 6 7 6 6 7 6 6 7 6 5 7 5 5 7]
       soma: 185
       mean: 6.1667
quant mensagens: [3 3 3 2 3 3 3 3 3 3 3 3 3 3 3 3 3 3 3 3 3 3 3 3 3 3 3 3 3 3]
       soma: 89
       mean: 2.9667
qualidade: [0.75 0.8833333333333333 0.72 0.625 1 0.6142857142857142 0.5428571428571428 0.9 1 0.8125 0.625 0.86 0.7666666666666666 0.825 0.7571428571428571 0.86 0.8833333333333333 0.7285714285714285 0.45 0.6333333333333334 0.9285714285714286 0.7999999999999999 0.7666666666666666 0.8857142857142858 0.6333333333333333 0.64 0.8285714285714285 0.74 0.26 0.7857142857142857]
       soma: 22.5056
       mean: 0.7502
runtime: [2.085254 3.241985 1.755019 1.828069 2.626792 2.956423 1.779771 2.088272 2.305613 1.861273 1.709136 1.809353 3.479246 2.263956 3.44423 1.636085 1.904137 1.784599 1.725436 1.553375 2.143212 1.694645 3.284849 1.821428 1.660234 1.549149 1.894478 1.633066 1.447725 1.442894]
       soma: 62.4097
       mean: 2.0803
quant execucao: [3 3 3 2 3 3 3 3 3 3 3 3 3 3 3 3 3 3 3 3 3 3 3 3 3 3 3 3 3 3]
       soma: 89
       mean: 2.9667
agentes ociosos: [0 0 1 1 0 0 0 0 0 0 1 0 0 1 1 1 0 0 0 1 0 0 0 0 1 0 0 0 1 0]
       soma: 9
       mean: 0.3
reconpensas: [2.7283 2.9567 2.31 3.3891 3.623 2.9434 3.1131 3.4699999999999998 3.7089999999999996 3.5873 2.04 2.8434 3.0338000000000003 1.9279999999999997 3.0217 2.6233000000000004 3.0513 3.1646999999999994 2.9667 2.5065 3.5042 3.0677000000000003 3.0293 3.2538 2.7308000000000003 2.3588999999999998 3.7071 2.3584 2.2422 3.0464999999999995]
       soma: 88.3082
       mean: 2.9436

# estimulo    t/tc      t+m/tc                tempo        tarefas_concluídas     qualidade        mensagens_trocadas    agentes ociosos   custo comp             recompensa 
#             média     média             média | desvio     média | desvio     média | desvio     média | desvio     média | desvio     média | desvio        média | desvio
[0.6]       33.4755    33.9566        0.6881    0.1722        0.7708    0.1316        0.7502    0.1599        2.9667    0.1826            0.3    0.4661        2.0803    0.6082             2.9436    0.4874             
# 
# Algoritmo: Swarm-GAP
# Quantidade de tarefas: 16
# Quantidade de vants: 3
# Quantidade energia cada uav: 300
# -------------------------------------------------------------------
Resultados nao tratados:
Tempo: [285 284 286 272 269 288 271 279 259 295 280 285 293 260 279 290 235 285 261 265 275 276 245 282 293 283 293 252 265 276]
       soma: 8261
       mean: 275.3667
tarefas concluidas: [12 11 10 13 12 11 12 11 13 10 14 10 12 13 12 12 11 14 10 13 9 12 9 11 13 11 12 12 11 11]
       soma: 347
       mean: 11.5667
quant mensagens: [3 3 3 3 3 3 3 3 3 3 3 3 3 3 3 3 3 3 3 3 3 3 3 3 3 3 3 3 3 3]
       soma: 90
       mean: 3
qualidade: [1 0.8545454545454546 0.6799999999999999 0.8076923076923077 0.725 0.6818181818181818 0.8083333333333332 0.8727272727272727 0.8384615384615385 0.74 0.8071428571428572 0.9 0.9166666666666666 0.8461538461538461 0.7583333333333333 0.6416666666666666 0.890909090909091 0.9500000000000001 0.8300000000000001 0.7769230769230769 0.8111111111111111 0.725 0.7444444444444445 0.890909090909091 0.7923076923076923 0.5 0.8833333333333333 0.8833333333333333 0.8181818181818182 0.9545454545454546]
       soma: 24.3295
       mean: 0.811
runtime: [3.655534 2.53563 2.257315 2.493973 6.029969 3.365145 2.713124 3.986978 3.368162 2.58755 2.20298 2.768667 2.128722 2.34244 2.399792 2.382286 3.150822 2.461976 1.808748 1.866104 1.951228 2.251278 1.969943 2.232563 2.257919 2.899674 2.057483 2.092498 2.248862 1.957265]
       soma: 78.4246
       mean: 2.6142
quant execucao: [3 3 3 3 3 3 3 3 3 3 3 3 3 3 3 3 3 3 3 3 3 3 3 3 3 3 3 3 3 3]
       soma: 90
       mean: 3
agentes ociosos: [0 0 0 0 0 0 0 0 0 0 0 0 0 0 0 0 0 0 0 0 1 0 0 0 0 0 0 0 0 0]
       soma: 1
       mean: 0.0333
reconpensas: [7.789999999999999 6.1298 5.2724 7.375400000000002 6.2247 5.077100000000001 7.224500000000001 6.424799999999999 6.7533 5.5784 8.151 5.928800000000001 7.5096 7.406000000000001 6.8715 5.9431 6.619 9.2648 6.089600000000001 7.357100000000001 5.3770999999999995 6.2051 4.473800000000001 6.761 7.649100000000001 5.1465000000000005 7.324699999999999 7.7545 6.135200000000001 7.4528]
       soma: 199.2707
       mean: 6.6424

# estimulo    t/tc      t+m/tc                tempo        tarefas_concluídas     qualidade        mensagens_trocadas    agentes ociosos   custo comp             recompensa 
#             média     média             média | desvio     média | desvio     média | desvio     média | desvio     média | desvio     média | desvio        média | desvio
[0.6]       23.8069    24.0662        0.9179    0.0495        0.7229    0.0815        0.811    0.104        3    0            0.0333    0.1826        2.6142    0.8415             6.6424    1.0648             
# 
# Algoritmo: Swarm-GAP
# Quantidade de tarefas: 32
# Quantidade de vants: 3
# Quantidade energia cada uav: 300
# -------------------------------------------------------------------
Resultados nao tratados:
Tempo: [291 290 287 287 287 293 288 294 290 284 280 290 296 296 295 292 286 279 284 284 287 294 294 292 281 296 290 276 288 291]
       soma: 8662
       mean: 288.7333
tarefas concluidas: [16 13 18 12 15 17 14 14 14 13 16 13 15 15 17 16 16 15 16 16 14 13 16 17 17 16 16 13 17 19]
       soma: 459
       mean: 15.3
quant mensagens: [3 3 3 3 3 3 3 3 3 3 3 3 3 3 3 3 3 3 3 3 3 3 3 3 3 3 3 3 3 3]
       soma: 90
       mean: 3
qualidade: [0.6624999999999999 0.7307692307692307 0.6444444444444444 0.7666666666666667 0.8066666666666665 0.5941176470588236 0.8642857142857142 0.7000000000000001 0.8000000000000002 0.6230769230769231 0.7 0.8 0.7733333333333334 0.7333333333333333 0.7705882352941176 0.83125 0.8625 0.7200000000000001 0.69375 0.7 0.7214285714285715 0.6692307692307692 0.7875 0.7647058823529411 0.7411764705882353 0.61875 0.79375 0.7384615384615384 0.776470588235294 0.8578947368421053]
       soma: 22.2467
       mean: 0.7416
runtime: [4.881691 5.46549 3.663382 2.432393 3.259492 2.928654 3.121239 2.003148 2.99627 3.487095 2.572457 2.461372 2.399793 2.500011 2.383492 2.685956 3.558938 3.435779 2.258522 2.482503 3.852347 3.216025 2.78678 3.529959 2.41066 2.201168 2.068349 2.54046 2.681128 3.070527]
       soma: 89.3351
       mean: 2.9778
quant execucao: [3 3 3 3 3 3 3 3 3 3 3 3 3 3 3 3 3 3 3 3 3 3 3 3 3 3 3 3 3 3]
       soma: 90
       mean: 3
agentes ociosos: [0 0 0 0 0 0 0 0 0 0 0 0 0 0 0 0 0 0 0 0 0 0 0 0 0 0 0 0 0 0]
       soma: 0
       mean: 0
reconpensas: [9.750600000000002 7.438599999999999 10.430300000000003 6.5182 8.7604 9.454300000000002 8.692300000000001 7.2253 8.6342 6.7235 9.1689 7.5572 8.8854 9.3664 8.9019 10.8861 10.490600000000002 8.6175 10.332900000000002 9.438099999999999 8.0589 7.153799999999999 10.208100000000002 10.731900000000001 10.3721 8.6526 9.886000000000001 7.1141 11.1877 12.414200000000001]
       soma: 273.0521
       mean: 9.1017

# estimulo    t/tc      t+m/tc                tempo        tarefas_concluídas     qualidade        mensagens_trocadas    agentes ociosos   custo comp             recompensa 
#             média     média             média | desvio     média | desvio     média | desvio     média | desvio     média | desvio     média | desvio        média | desvio
[0.6]       18.8715    19.0675        0.9624    0.0177        0.4781    0.0533        0.7416    0.0723        3    0            0    0        2.9778    0.7843             9.1017    1.4553 