# 
# ----------------------------------------
# RELATÓRIO FINAL DE 30 EXECUÇÕES: 
# 
# Algoritmo: 0
# Quantidade de tarefas: 4
# Quantidade de vants: 3
# Quantidade energia cada uav: 300
# -------------------------------------------------------------------
Resultados nao tratados:
Tempo: [90 107 223 140 85 85 89 121 204 150 85 140 140 116 177 132 146 140 146 92 107 92 85 212 78 183 179 88 140 107]
       soma: 3879
       mean: 129.3
tarefas concluidas: [4 4 4 4 4 4 4 4 4 4 4 4 4 4 4 4 4 4 4 4 4 4 4 4 4 4 4 4 4 4]
       soma: 120
       mean: 4
quant mensagens: [3 4 6 4 3 4 4 6 7 5 6 2 4 3 4 6 4 3 2 3 6 10 5 2 4 4 2 5 3 2]
       soma: 126
       mean: 4.2
qualidade: [1 0.875 0.7 0.825 1 1 1 0.825 0.825 0.875 1 0.65 0.825 0.625 0.825 0.65 0.625 0.825 0.825 1 0.875 1 0.8 0.7 0.625 0.625 0.825 0.8 0.825 0.875]
       soma: 24.725
       mean: 0.8242
runtime: [12.568273 3.272774 3.948337 4.301516 1.782791 2.917183 2.450504 4.931196 2.863451 2.85017 3.586105 1.407878 2.085255 1.74234 2.01643 2.16072 1.569071 1.668687 1.094548 1.495417 3.29632 3.894006 1.690419 1.045042 1.411501 1.133789 1.056512 2.701653 2.491557 1.131977]
       soma: 80.5654
       mean: 2.6855
quant execucao: [3 4 6 4 3 4 4 6 7 5 6 2 4 3 4 6 4 3 2 3 6 10 5 2 4 4 2 5 3 2]
       soma: 126
       mean: 4.2
agentes ociosos: [0 1 1 0 0 0 0 0 1 1 0 1 0 0 1 1 1 0 1 0 1 0 1 1 0 1 1 1 0 1]
       soma: 16
       mean: 0.5333
reconpensas: [2.6003 2.6218 1.7252999999999998 2.1606 2.7683 2.6109999999999998 2.6305 2.2506999999999997 1.6843 1.7252999999999998 2.1774 1.8639999999999999 1.9906000000000001 1.7651 2.6391 1.9556 2.0057 1.8333000000000002 2.0057 2.0967 2.0936 2.0850999999999997 2.1571 1.6332999999999998 1.7651 2.0057 2.0057 2.0851 2.3095000000000003 1.7973]
       soma: 63.0488
       mean: 2.1016

# estimulo    t/tc      t+m/tc                tempo        tarefas_concluídas     qualidade        mensagens_trocadas    agentes ociosos   custo comp             recompensa 
#             média     média             média | desvio     média | desvio     média | desvio     média | desvio     média | desvio     média | desvio        média | desvio
[0.6]       32.325    33.375        0.431    0.1388        1    0        0.8242    0.1284        4.2    1.7889            0.5333    0.5074        2.6855    2.1459             2.1016    0.3251             
# 
# Algoritmo: Swarm-GAP (com LOOP alocação)
# Quantidade de tarefas: 8
# Quantidade de vants: 3
# Quantidade energia cada uav: 300
# -------------------------------------------------------------------
Resultados nao tratados:
Tempo: [217 248 292 206 237 184 272 262 250 182 240 200 239 216 295 252 220 250 224 182 180 257 207 193 201 254 269 208 254 267]
       soma: 6958
       mean: 231.9333
tarefas concluidas: [8 8 8 7 8 8 8 8 8 8 8 8 8 8 8 8 8 8 8 8 8 8 8 8 8 8 8 8 8 8]
       soma: 239
       mean: 7.9667
quant mensagens: [8 5 4 6 11 8 6 9 7 6 3 14 4 6 8 8 6 5 6 5 7 8 5 8 5 5 12 11 3 5]
       soma: 204
       mean: 6.8
qualidade: [0.675 0.8125 0.7875 0.6857142857142858 0.8125 0.9 0.7375 0.7125 0.825 0.725 0.85 0.9125 0.875 0.6 0.725 0.7625 0.875 0.65 0.775 0.6625000000000001 0.6875 0.7625 0.9125 0.85 0.6375 0.875 0.7875 0.7625 0.8125 0.65]
       soma: 23.0982
       mean: 0.7699
runtime: [3.385671 3.057849 2.241618 2.516915 3.269757 2.370212 3.813708 2.487331 4.0878 4.538175 2.004355 3.839063 1.828673 3.05302 3.740055 2.036957 3.10675 2.708293 2.795834 3.295715 1.791845 3.192478 2.461373 2.449903 1.619182 1.454366 2.529593 4.024405 1.815392 2.12027]
       soma: 83.6366
       mean: 2.7879
quant execucao: [8 5 4 6 11 8 6 9 7 6 3 14 4 6 8 8 6 5 6 5 7 8 5 8 5 5 12 11 3 5]
       soma: 204
       mean: 6.8
agentes ociosos: [0 0 0 0 0 0 0 1 0 0 0 0 0 0 0 1 0 1 0 0 0 1 0 0 0 0 1 0 0 0]
       soma: 5
       mean: 0.1667
reconpensas: [3.5122 3.8266000000000004 3.5955999999999997 3.4299999999999997 3.7078999999999995 3.6369999999999996 3.3965 3.5953000000000004 3.9386 3.7882999999999996 3.7612 4.008500000000001 3.6996 3.6165999999999996 3.535 3.6919999999999997 3.4572 3.5171 3.6239999999999997 3.6935000000000002 3.5810999999999997 3.6381 3.677 4.2063 3.1404000000000005 3.7838000000000003 3.7260999999999997 3.6134 3.82 3.3110999999999997]
       soma: 109.53
       mean: 3.651

# estimulo    t/tc      t+m/tc                tempo        tarefas_concluídas     qualidade        mensagens_trocadas    agentes ociosos   custo comp             recompensa 
#             média     média             média | desvio     média | desvio     média | desvio     média | desvio     média | desvio     média | desvio        média | desvio
[0.6]       29.1128    29.9664        0.7731    0.1103        0.9958    0.0228        0.7699    0.0892        6.8    2.6182            0.1667    0.379        2.7879    0.8128             3.651    0.2064             
# 
# Algoritmo: Swarm-GAP (com LOOP alocação)
# Quantidade de tarefas: 16
# Quantidade de vants: 3
# Quantidade energia cada uav: 300
# -------------------------------------------------------------------
Resultados nao tratados:
Tempo: [275 294 262 281 288 295 292 279 284 271 283 291 291 291 293 291 284 296 269 294 274 254 289 296 284 289 281 292 283 270]
       soma: 8516
       mean: 283.8667
tarefas concluidas: [15 13 14 15 13 13 14 14 13 13 14 14 15 12 13 13 13 13 14 15 13 15 14 14 15 14 12 15 15 13]
       soma: 413
       mean: 13.7667
quant mensagens: [5 5 5 7 7 4 8 15 7 6 6 9 4 3 3 5 4 4 6 4 5 10 5 5 5 5 3 5 9 3]
       soma: 172
       mean: 5.7333
qualidade: [0.7133333333333333 0.7307692307692307 0.5857142857142856 0.7266666666666667 0.7846153846153847 0.7153846153846154 0.65 0.7071428571428572 0.8461538461538461 0.7000000000000001 0.8428571428571427 0.7571428571428572 0.7066666666666668 1 0.6384615384615384 0.6538461538461539 0.8923076923076922 0.8846153846153846 0.7000000000000001 0.8066666666666666 0.5769230769230769 0.6399999999999999 0.6357142857142858 0.8928571428571429 0.6933333333333332 0.7357142857142858 0.775 0.8133333333333332 0.6799999999999999 0.8076923076923077]
       soma: 22.2929
       mean: 0.7431
runtime: [3.543241 4.024408 3.515469 4.326267 3.785335 2.511481 3.340995 6.364432 3.139956 2.900882 2.555552 3.642253 1.844972 2.181246 2.048427 1.767696 3.226287 2.843527 3.246211 2.184868 1.855236 3.584295 2.333384 2.270598 2.446279 2.201772 1.997111 1.459798 2.532612 1.748377]
       soma: 85.423
       mean: 2.8474
quant execucao: [5 5 5 7 7 4 8 15 7 6 6 9 4 3 3 5 4 4 6 4 5 10 5 5 5 5 3 5 9 3]
       soma: 172
       mean: 5.7333
agentes ociosos: [0 0 0 0 0 0 0 0 0 0 0 0 0 0 0 0 0 0 0 0 0 0 0 0 0 0 0 0 0 0]
       soma: 0
       mean: 0
reconpensas: [7.4435 7.445200000000001 6.532000000000001 8.805900000000001 7.225299999999999 5.989800000000001 8.192 7.6569 7.551800000000001 6.8654 8.626700000000001 7.2265000000000015 8.0294 7.4095 7.486199999999998 5.3939 7.945399999999999 7.555599999999999 7.9177 8.650500000000001 6.473800000000001 8.8233 7.176 7.6859 9.0553 7.643 6.896200000000001 8.776000000000002 7.907900000000001 7.755299999999998]
       soma: 228.1419
       mean: 7.6047

# estimulo    t/tc      t+m/tc                tempo        tarefas_concluídas     qualidade        mensagens_trocadas    agentes ociosos   custo comp             recompensa 
#             média     média             média | desvio     média | desvio     média | desvio     média | desvio     média | desvio     média | desvio        média | desvio
[0.6]       20.6198    21.0363        0.9462    0.0354        0.8604    0.0585        0.7431    0.099        5.7333    2.5316            0    0        2.8474    1.0097             7.6047    0.8502             
# 
# Algoritmo: Swarm-GAP (com LOOP alocação)
# Quantidade de tarefas: 32
# Quantidade de vants: 3
# Quantidade energia cada uav: 300
# -------------------------------------------------------------------
Resultados nao tratados:
Tempo: [294 283 294 296 288 290 287 289 282 292 281 293 289 293 286 276 292 294 295 289 288 284 293 294 295 276 295 293 293 293]
       soma: 8687
       mean: 289.5667
tarefas concluidas: [16 17 14 14 15 15 15 16 17 18 14 17 12 16 19 17 16 16 15 16 13 13 15 18 16 16 14 14 16 15]
       soma: 465
       mean: 15.5
quant mensagens: [3 4 3 3 3 3 3 3 3 4 3 7 4 3 4 3 4 3 5 4 3 3 4 3 3 3 4 3 5 3]
       soma: 106
       mean: 3.5333
qualidade: [0.675 0.7470588235294118 0.9142857142857144 0.7142857142857143 0.5733333333333331 0.7666666666666667 0.6733333333333335 0.6125 0.7882352941176471 0.7166666666666667 0.75 0.6352941176470589 0.7999999999999999 0.75 0.8315789473684211 0.7294117647058824 0.69375 0.85625 0.58 0.70625 0.5692307692307692 0.8307692307692308 0.82 0.5777777777777778 0.7875000000000001 0.8 0.8071428571428572 0.7714285714285715 0.7000000000000001 0.6466666666666666]
       soma: 21.8244
       mean: 0.7275
runtime: [7.325557 5.288601 3.912116 4.310572 2.939519 3.61267 3.378426 2.124496 1.900515 2.789193 2.886393 4.253217 2.610492 2.18849 2.325535 1.891459 3.233532 3.056642 4.02682 2.074991 3.063283 2.34908 4.358868 1.848596 2.759612 2.231354 4.21458 3.101317 4.224238 3.021625]
       soma: 97.3018
       mean: 3.2434
quant execucao: [3 4 3 3 3 3 3 3 3 4 3 7 4 3 4 3 4 3 5 4 3 3 4 3 3 3 4 3 5 3]
       soma: 106
       mean: 3.5333
agentes ociosos: [0 0 0 0 0 0 0 0 0 0 0 0 0 0 0 0 0 0 0 0 0 0 0 0 0 0 0 0 0 0]
       soma: 0
       mean: 0
reconpensas: [9.131099999999998 10.5907 9.264099999999997 7.8866 7.8729 9.373999999999999 7.107000000000001 8.5019 11.401699999999998 10.322000000000001 8.4247 9.392299999999999 6.6714 8.943 11.5818 10.362100000000002 9.545499999999999 10.4498 7.905799999999998 9.0201 6.3328 7.947600000000001 8.826500000000001 9.2911 9.758299999999998 9.246200000000002 8.580400000000001 9.0458 9.4457 7.995000000000001]
       soma: 270.2179
       mean: 9.0073

# estimulo    t/tc      t+m/tc                tempo        tarefas_concluídas     qualidade        mensagens_trocadas    agentes ociosos   custo comp             recompensa 
#             média     média             média | desvio     média | desvio     média | desvio     média | desvio     média | desvio     média | desvio        média | desvio
[0.6]       18.6817    18.9097        0.9652    0.0185        0.4844    0.0498        0.7275    0.091        3.5333    0.8996            0    0        3.2434    1.1824             9.0073    1.2457  