# 
# ----------------------------------------
# RELATÓRIO FINAL DE 30 EXECUÇÕES: 
# 
# Algoritmo: 0
# Quantidade de tarefas: 4
# Quantidade de vants: 3
# Quantidade energia cada uav: 300
# -------------------------------------------------------------------
Resultados nao tratados:
Tempo: [121 209 146 78 85 121 86 79 121 85 207 146 85 145 88 146 85 85 146 107 85 88 101 207 107 146 85 207 207 121]
       soma: 3725
       mean: 124.1667
tarefas concluidas: [4 4 4 4 4 4 4 4 4 4 4 4 4 4 4 4 4 4 4 4 4 4 4 4 4 4 4 4 4 4]
       soma: 120
       mean: 4
quant mensagens: [7 2 2 3 4 6 3 6 7 7 6 2 3 5 5 3 2 3 2 5 2 5 7 2 4 4 3 3 4 4]
       soma: 121
       mean: 4.0333
qualidade: [0.825 0.7 0.625 0.625 0.8 0.825 1 0.625 0.6499999999999999 1 0.7 0.625 1 0.825 1 0.825 0.8 1 0.825 0.875 0.8 1 0.45 0.7 0.875 0.625 1 0.7 0.7 0.825]
       soma: 23.825
       mean: 0.7942
runtime: [21.584251 4.789322 2.653355 5.074882 4.865392 3.097696 2.769873 2.7578 2.967894 5.07609 2.766254 2.429375 3.5366 3.69719 2.416093 1.772527 1.52983 1.643933 1.833502 2.779533 1.695855 2.151058 3.628366 2.320705 1.795468 1.311887 2.082839 2.193924 1.6711 3.682701]
       soma: 102.5753
       mean: 3.4192
quant execucao: [7 2 2 3 4 6 3 6 7 7 6 2 3 5 5 3 2 3 2 5 2 5 7 2 4 4 3 3 4 4]
       soma: 121
       mean: 4.0333
agentes ociosos: [0 1 1 0 1 0 0 0 1 0 1 1 0 1 0 1 1 0 1 1 1 0 0 1 1 1 0 1 1 0]
       soma: 17
       mean: 0.5667
reconpensas: [1.8333 1.9557 2.0057 1.7651000000000001 1.9151 2.0087 2.3857 1.6705999999999999 2.1701 2.2407 1.6333 2.0057 2.6109999999999998 2.6494 1.9253 2.3487 2.4636 2.6149999999999998 2.0057 2.6323999999999996 2.4532 2.3295000000000003 1.6155 1.6333 1.8700999999999999 2.0057 2.7836 1.6333 1.6332999999999998 2.043]
       soma: 62.8413
       mean: 2.0947

# estimulo    t/tc      t+m/tc                tempo        tarefas_concluídas     qualidade        mensagens_trocadas    agentes ociosos   custo comp             recompensa 
#             média     média             média | desvio     média | desvio     média | desvio     média | desvio     média | desvio     média | desvio        média | desvio
[0.6]       31.0417    32.05        0.4139    0.1486        1    0        0.7942    0.1488        4.0333    1.7317            0.5667    0.504        3.4192    3.5977             2.0947    0.3579             
# 
# Algoritmo: Swarm-GAP (com LOOP alocação e LIMITE)
# Quantidade de tarefas: 8
# Quantidade de vants: 3
# Quantidade energia cada uav: 300
# -------------------------------------------------------------------
Resultados nao tratados:
Tempo: [184 161 221 272 239 172 189 200 294 184 240 252 227 240 257 170 256 220 279 224 168 264 252 264 162 212 240 188 215 198]
       soma: 6644
       mean: 221.4667
tarefas concluidas: [8 8 8 8 7 8 8 8 8 8 8 8 8 8 8 8 8 8 8 8 8 7 8 8 8 7 8 8 8 7]
       soma: 236
       mean: 7.8667
quant mensagens: [10 4 5 7 5 7 6 5 9 8 6 5 5 6 6 4 2 6 4 6 10 4 3 5 4 5 6 14 7 6]
       soma: 180
       mean: 6
qualidade: [0.875 0.75 0.625 0.825 0.5857142857142856 0.8125 0.6875 0.9125 0.8125 0.8375 0.75 0.825 0.775 0.6499999999999999 0.8125 0.6625 0.6749999999999999 0.625 0.7875 0.9 0.6625000000000001 0.6857142857142857 0.7625 0.6749999999999999 0.75 0.6142857142857142 0.7125 0.525 0.575 0.6714285714285715]
       soma: 21.8196
       mean: 0.7273
runtime: [6.883633 3.351257 3.665194 3.779901 3.900643 3.468984 4.238729 3.621725 4.372152 4.852109 5.655663 4.072101 3.203949 2.953405 4.617262 2.469825 1.630048 2.87794 1.720003 2.439034 3.450267 1.674118 3.036115 2.58574 1.996507 1.6385 2.245241 6.411522 2.650334 2.75297]
       soma: 102.2149
       mean: 3.4072
quant execucao: [10 4 5 7 5 7 6 5 9 8 6 5 5 6 6 4 2 6 4 6 10 4 3 5 4 5 6 14 7 6]
       soma: 180
       mean: 6
agentes ociosos: [0 0 0 0 0 0 0 0 0 0 0 0 0 1 0 0 1 0 1 0 0 0 0 1 0 0 1 0 0 1]
       soma: 6
       mean: 0.2
reconpensas: [3.6952 3.7005999999999997 3.5162999999999998 3.7812999999999994 3.0300000000000002 3.801 3.758 4.1486 3.728 3.7657999999999996 3.8911 4.055 3.6318 3.6812 3.3088 3.4640000000000004 3.6456 3.733 3.5086000000000004 3.5566000000000004 4.0496 2.83 3.9997999999999996 3.4037999999999995 3.4204 2.8422 3.8289 3.4349 3.5946 3.2146000000000003]
       soma: 108.0193
       mean: 3.6006

# estimulo    t/tc      t+m/tc                tempo        tarefas_concluídas     qualidade        mensagens_trocadas    agentes ociosos   custo comp             recompensa 
#             média     média             média | desvio     média | desvio     média | desvio     média | desvio     média | desvio     média | desvio        média | desvio
[0.6]       28.1524    28.9151        0.7382    0.1264        0.9833    0.0432        0.7273    0.1003        6    2.3781            0.2    0.4068        3.4072    1.3381             3.6006    0.3246             
# 
# Algoritmo: Swarm-GAP (com LOOP alocação e LIMITE)
# Quantidade de tarefas: 16
# Quantidade de vants: 3
# Quantidade energia cada uav: 300
# -------------------------------------------------------------------
Resultados nao tratados:
Tempo: [286 278 286 286 254 284 291 251 292 296 236 278 281 268 267 248 277 288 289 267 282 277 282 266 259 288 273 276 289 294]
       soma: 8289
       mean: 276.3
tarefas concluidas: [15 15 14 15 15 15 14 14 16 14 15 15 15 16 15 16 16 16 14 15 15 14 15 15 15 13 16 15 14 15]
       soma: 447
       mean: 14.9
quant mensagens: [6 8 8 5 6 6 7 6 8 4 5 5 9 7 8 5 4 8 5 7 4 5 7 6 7 5 8 8 7 7]
       soma: 191
       mean: 6.3667
qualidade: [0.7666666666666667 0.7799999999999999 0.7857142857142857 0.7266666666666667 0.8200000000000001 0.6933333333333334 0.8071428571428572 0.807142857142857 0.78125 0.8714285714285713 0.7200000000000001 0.7799999999999999 0.7533333333333333 0.83125 0.7400000000000001 0.7312500000000001 0.90625 0.7312500000000001 0.8214285714285714 0.7399999999999999 0.7799999999999999 0.75 0.7266666666666668 0.8200000000000001 0.7400000000000001 0.8076923076923077 0.83125 0.7066666666666668 0.8428571428571429 0.9466666666666667]
       soma: 23.5459
       mean: 0.7849
runtime: [4.338342 6.151317 5.336899 3.342806 4.198884 2.882769 2.90571 2.754781 3.383254 4.631149 3.483474 3.09347 2.756592 2.358137 3.150219 1.969339 2.346665 3.368162 3.985164 4.026219 2.46741 3.330128 3.407403 3.161086 3.132713 3.67787 2.608682 2.023071 1.96149 2.429375]
       soma: 98.6626
       mean: 3.2888
quant execucao: [6 8 8 5 6 6 7 6 8 4 5 5 9 7 8 5 4 8 5 7 4 5 7 6 7 5 8 8 7 7]
       soma: 191
       mean: 6.3667
agentes ociosos: [0 0 0 0 0 0 0 0 0 0 0 0 0 0 0 0 0 0 0 0 0 0 0 0 0 0 0 0 0 0]
       soma: 0
       mean: 0
reconpensas: [8.0836 8.3666 7.7755 8.7608 9.278899999999998 8.939500000000002 8.5706 8.275400000000001 9.279200000000003 8.1658 8.763200000000001 8.9161 8.3477 9.7827 8.8843 7.878500000000002 9.760700000000003 8.7836 7.779800000000001 9.1396 8.0378 8.376800000000001 9.1228 10.068 9.274500000000002 7.9311 9.5676 9.1387 8.461 9.3114]
       soma: 262.8218
       mean: 8.7607

# estimulo    t/tc      t+m/tc                tempo        tarefas_concluídas     qualidade        mensagens_trocadas    agentes ociosos   custo comp             recompensa 
#             média     média             média | desvio     média | desvio     média | desvio     média | desvio     média | desvio     média | desvio        média | desvio
[0.6]       18.5436    18.9709        0.921    0.0496        0.9313    0.0474        0.7849    0.0591        6.3667    1.4259            0    0        3.2888    0.9664             8.7607    0.6316             
# 
# Algoritmo: Swarm-GAP (com LOOP alocação e LIMITE)
# Quantidade de tarefas: 32
# Quantidade de vants: 3
# Quantidade energia cada uav: 300
# -------------------------------------------------------------------
Resultados nao tratados:
Tempo: [285 280 288 291 292 286 292 280 292 286 292 273 282 289 291 293 281 287 293 289 286 288 282 280 281 284 288 285 290 293]
       soma: 8599
       mean: 286.6333
tarefas concluidas: [21 21 18 22 20 20 18 19 17 20 19 19 21 21 18 19 20 20 20 19 19 20 20 19 16 20 20 20 19 20]
       soma: 585
       mean: 19.5
quant mensagens: [4 4 4 5 4 4 4 5 3 3 4 3 4 5 4 3 4 4 3 5 3 7 3 3 3 4 3 4 3 3]
       soma: 115
       mean: 3.8333
qualidade: [0.7761904761904762 0.7761904761904762 0.8833333333333334 0.8545454545454546 0.8550000000000001 0.9099999999999999 0.9611111111111111 0.9368421052631579 0.9176470588235295 0.915 0.868421052631579 0.9105263157894737 0.9190476190476191 0.8857142857142858 0.8888888888888888 0.8736842105263158 0.8400000000000001 0.8350000000000002 0.805 0.768421052631579 0.868421052631579 0.9349999999999999 0.905 0.8578947368421053 0.90625 0.9349999999999999 0.865 0.7899999999999998 0.8842105263157896 0.8949999999999999]
       soma: 26.2223
       mean: 0.8741
runtime: [6.538303 4.754306 4.700576 4.800794 6.320964 4.771211 4.816488 4.721706 4.462708 4.349812 4.198279 3.546261 4.492894 4.304536 3.749714 3.461135 3.449663 4.043726 4.274952 5.433494 2.952198 4.028031 3.201534 2.841113 3.855969 2.27603 2.790401 2.669053 2.395567 2.603852]
       soma: 120.8053
       mean: 4.0268
quant execucao: [4 4 4 5 4 4 4 5 3 3 4 3 4 5 4 3 4 4 3 5 3 7 3 3 3 4 3 4 3 3]
       soma: 115
       mean: 3.8333
agentes ociosos: [0 0 0 0 0 0 0 0 0 0 0 0 0 0 0 0 0 0 0 0 0 0 0 0 0 0 0 0 0 0]
       soma: 0
       mean: 0
reconpensas: [14.292100000000001 14.527199999999999 12.568900000000001 15.538100000000002 14.222499999999998 14.664999999999997 13.151100000000001 13.993599999999999 12.358299999999998 14.2502 13.672999999999998 13.0729 14.818499999999998 14.6221 12.850999999999999 13.438999999999998 14.074899999999998 14.135400000000002 13.738599999999998 13.1873 13.2803 14.300699999999999 14.2708 13.7249 10.9362 14.200099999999997 13.426 14.072099999999999 13.363099999999998 13.653400000000001]
       soma: 412.4073
       mean: 13.7469

# estimulo    t/tc      t+m/tc                tempo        tarefas_concluídas     qualidade        mensagens_trocadas    agentes ociosos   custo comp             recompensa 
#             média     média             média | desvio     média | desvio     média | desvio     média | desvio     média | desvio     média | desvio        média | desvio
[0.6]       14.6991    14.8957        0.9554    0.0168        0.6094    0.0391        0.8741    0.0512        3.8333    0.9129            0    0        4.0268    1.0639             13.7469    0.8765      