# 
# ----------------------------------------
# RELATÓRIO FINAL DE 30 EXECUÇÕES: 
# 
# Algoritmo: 0
# Quantidade de tarefas: 4
# Quantidade de vants: 3
# Quantidade energia cada uav: 300
# -------------------------------------------------------------------
Resultados nao tratados:
Tempo: [178 84 84 85 78 85 85 84 93 127 84 86 140 85 84 85 84 85 86 85 85 145 85 84 84 88 85 93 85 85]
       soma: 2806
       mean: 93.5333
tarefas concluidas: [4 4 4 4 4 4 4 4 4 4 4 4 4 4 4 4 4 4 4 4 4 4 4 4 4 4 4 4 4 4]
       soma: 120
       mean: 4
quant mensagens: [4 6 5 6 8 5 9 7 6 7 5 9 14 7 7 8 6 12 8 10 4 8 6 6 8 4 6 4 7 7]
       soma: 209
       mean: 6.9667
qualidade: [0.5 1 1 1 0.625 1 1 1 1 0.6499999999999999 1 1 0.825 0.8 1 1 1 0.8 1 1 1 0.825 1 0.8 1 1 1 0.675 1 1]
       soma: 27.5
       mean: 0.9167
runtime: [18.261367 3.803445 6.68863 4.480821 5.7589 2.382889 4.264687 3.199723 3.573428 4.255633 2.473447 5.907415 5.933978 3.500377 2.510273 2.274219 2.510273 3.721943 2.644298 2.990837 1.855236 2.512085 2.260333 3.354276 3.193085 2.34425 2.395567 2.071369 3.470796 3.054832]
       soma: 117.6484
       mean: 3.9216
quant execucao: [4 6 5 6 8 5 9 7 6 7 5 9 14 7 7 8 6 12 8 10 4 8 6 6 8 4 6 4 7 7]
       soma: 209
       mean: 6.9667
agentes ociosos: [0 0 0 0 0 0 0 0 0 1 0 0 0 1 0 0 0 1 0 0 0 1 0 1 0 0 0 0 0 0]
       soma: 5
       mean: 0.1667
reconpensas: [1.4 2.3042 2.3042 2.3042 1.8051 2.5544999999999995 2.4518 2.3042 1.9253 1.8401 2.3042 2.2853 1.9803 2.4621999999999997 2.2184 2.4642999999999997 2.5691 2.4339 2.436 2.4339 2.2853 2.5797 2.2896 2.455 2.2005 1.9253 2.4643 1.3050000000000002 2.5545 2.2895999999999996]
       soma: 67.13
       mean: 2.2377

# estimulo    t/tc      t+m/tc                tempo        tarefas_concluídas     qualidade        mensagens_trocadas    agentes ociosos   custo comp             recompensa 
#             média     média             média | desvio     média | desvio     média | desvio     média | desvio     média | desvio     média | desvio        média | desvio
[0.6]       23.3833    25.125        0.3118    0.0759        1    0        0.9167    0.1428        6.9667    2.2816            0.1667    0.379        3.9216    2.9873             2.2377    0.3217             
# 
# Algoritmo: Swarm-GAP (com LOOP alocação e LIMITE)
# Quantidade de tarefas: 8
# Quantidade de vants: 3
# Quantidade energia cada uav: 300
# -------------------------------------------------------------------
Resultados nao tratados:
Tempo: [217 224 213 185 169 213 214 177 180 186 213 200 169 213 179 212 185 213 176 225 198 213 213 215 249 213 211 224 179 229]
       soma: 6107
       mean: 203.5667
tarefas concluidas: [8 8 8 8 8 8 8 8 8 8 8 8 8 8 8 8 8 8 8 8 8 8 8 8 8 8 8 8 8 8]
       soma: 240
       mean: 8
quant mensagens: [12 11 13 11 15 11 9 8 11 9 12 10 10 10 11 11 8 11 9 11 9 13 20 11 10 13 12 13 11 10]
       soma: 335
       mean: 11.1667
qualidade: [0.9375 0.9375 0.9375 0.825 0.6625000000000001 1 0.8375 0.5625 0.5875 0.5625 0.9375 0.7375 0.6625 0.8375 0.8375 0.7375 0.825 0.9375 0.6625 0.7625 0.75 0.9375 0.8375 0.8375 0.85 0.9375 1 0.75 0.8375 0.85]
       soma: 24.375
       mean: 0.8125
runtime: [6.949439 6.094568 9.509822 6.249122 5.349577 5.698526 4.885919 4.19526 3.82518 7.128742 5.598309 4.802602 4.033463 5.277731 4.567759 4.846679 3.927812 4.800794 4.221826 4.544212 4.387849 4.623902 4.748269 3.123049 3.274585 3.820349 3.24319 4.643221 3.927813 3.085619]
       soma: 145.3852
       mean: 4.8462
quant execucao: [12 11 13 11 15 11 9 8 11 9 12 10 10 10 11 11 8 11 9 11 9 13 20 11 10 13 12 13 11 10]
       soma: 335
       mean: 11.1667
agentes ociosos: [0 0 0 0 0 0 0 0 0 0 0 0 0 0 0 0 0 0 0 0 0 0 0 0 0 0 0 0 0 0]
       soma: 0
       mean: 0
reconpensas: [4.2267 3.9412 4.0981000000000005 3.935 3.6890000000000005 4.3074 3.9463 3.3354999999999997 3.194 3.8183000000000002 3.9608000000000003 4.2837000000000005 3.5167 4.043 4.1546 3.9780999999999995 3.8328999999999995 3.936 4.289199999999999 4.621700000000001 4.3978 3.9712 3.9603 3.9544 4.2338000000000005 3.9454000000000002 4.1922 4.1427 4.263 3.8693999999999997]
       soma: 120.0384
       mean: 4.0013

# estimulo    t/tc      t+m/tc                tempo        tarefas_concluídas     qualidade        mensagens_trocadas    agentes ociosos   custo comp             recompensa 
#             média     média             média | desvio     média | desvio     média | desvio     média | desvio     média | desvio     média | desvio        média | desvio
[0.6]       25.4458    26.8417        0.6786    0.0676        1    0        0.8125    0.1247        11.1667    2.3057            0    0        4.8462    1.3581             4.0013    0.2991             
# 
# Algoritmo: Swarm-GAP (com LOOP alocação e LIMITE)
# Quantidade de tarefas: 16
# Quantidade de vants: 3
# Quantidade energia cada uav: 300
# -------------------------------------------------------------------
Resultados nao tratados:
Tempo: [280 253 231 282 276 268 284 284 285 279 291 288 252 286 285 277 231 265 265 230 240 278 265 285 285 275 278 267 286 273]
       soma: 8124
       mean: 270.8
tarefas concluidas: [16 16 16 16 16 16 16 16 16 16 16 16 15 16 16 16 16 16 16 16 16 16 16 14 16 16 16 16 15 15]
       soma: 475
       mean: 15.8333
quant mensagens: [18 22 17 20 18 17 20 17 20 21 17 20 17 26 19 19 18 19 19 19 17 19 20 19 18 18 18 17 16 18]
       soma: 563
       mean: 18.7667
qualidade: [0.91875 0.875 0.875 0.825 0.8687499999999999 0.8625 0.78125 0.83125 1 0.91875 0.95625 0.95 0.9533333333333334 1 1 0.91875 0.875 1 0.91875 0.875 0.95625 1 0.95 0.9500000000000001 0.95 0.91875 1 0.875 0.9466666666666667 0.9666666666666667]
       soma: 27.7167
       mean: 0.9239
runtime: [7.535651 9.398733 10.190822 6.386166 6.48699 18.001161 7.488563 7.842942 6.362623 4.582246 4.098064 7.440866 6.846199 6.050496 5.259018 7.103992 5.309127 5.943033 8.00595 6.724857 7.310464 5.472133 4.188619 5.530691 5.309728 7.097348 7.17342 4.782078 3.575237 5.606157]
       soma: 203.1034
       mean: 6.7701
quant execucao: [18 22 17 20 18 17 20 17 20 21 17 20 17 26 19 19 18 19 19 19 17 19 20 19 18 18 18 17 16 18]
       soma: 563
       mean: 18.7667
agentes ociosos: [0 0 0 0 0 0 0 0 0 0 0 0 0 0 0 0 0 0 0 0 0 0 0 0 0 0 0 0 0 0]
       soma: 0
       mean: 0
reconpensas: [10.331299999999999 10.878900000000002 11.1466 9.980999999999998 10.5242 10.2447 9.7609 10.671800000000001 10.6506 11.2432 10.581499999999998 10.7268 9.4558 10.751800000000001 10.7444 10.658400000000002 11.1125 11.120000000000001 10.979700000000001 11.144500000000003 11.1137 10.759099999999998 10.601 9.5403 10.0807 10.5896 10.611799999999999 10.6284 10.157399999999999 10.4693]
       soma: 317.2599
       mean: 10.5753

# estimulo    t/tc      t+m/tc                tempo        tarefas_concluídas     qualidade        mensagens_trocadas    agentes ociosos   custo comp             recompensa 
#             média     média             média | desvio     média | desvio     média | desvio     média | desvio     média | desvio     média | desvio        média | desvio
[0.6]       17.1032    18.2885        0.9027    0.0599        0.9896    0.0288        0.9239    0.0588        18.7667    1.942            0    0        6.7701    2.594             10.5753    0.4666             
# 
# Algoritmo: Swarm-GAP (com LOOP alocação e LIMITE)
# Quantidade de tarefas: 32
# Quantidade de vants: 3
# Quantidade energia cada uav: 300
# -------------------------------------------------------------------
Resultados nao tratados:
Tempo: [268 279 281 289 278 280 283 282 280 281 292 279 285 281 282 287 292 290 284 278 290 287 276 278 279 280 294 280 283 282]
       soma: 8480
       mean: 282.6667
tarefas concluidas: [24 24 24 24 24 24 27 24 24 24 25 24 24 24 25 26 24 24 24 24 25 25 25 24 24 24 24 24 24 24]
       soma: 730
       mean: 24.3333
quant mensagens: [24 24 24 25 24 24 28 24 24 25 26 24 24 24 28 26 24 25 24 24 30 25 25 24 24 24 25 24 24 24]
       soma: 744
       mean: 24.8
qualidade: [0.9208333333333334 0.9500000000000001 0.9500000000000001 0.9208333333333334 0.9500000000000001 0.9500000000000001 0.8555555555555556 0.9500000000000001 0.9500000000000001 0.9 0.924 0.9583333333333334 0.9500000000000001 0.9500000000000001 0.904 0.8807692307692309 0.9500000000000001 0.9125000000000001 0.9500000000000001 0.9500000000000001 0.872 0.9440000000000001 0.872 0.9500000000000001 0.9500000000000001 0.9500000000000001 0.9416666666666668 0.9500000000000001 0.9291666666666667 0.9583333333333334]
       soma: 27.944
       mean: 0.9315
runtime: [15.424476 9.614268 9.359493 10.345371 10.917699 13.918196 11.264839 15.014552 9.214601 9.827376 12.273053 13.129132 9.064879 13.108002 10.209531 12.65219 14.6976 13.754585 8.91274 9.223051 10.876045 10.467322 8.63382 9.776062 9.49654 7.930484 8.562578 11.977833 9.483861 10.672588]
       soma: 329.8028
       mean: 10.9934
quant execucao: [24 24 24 25 24 24 28 24 24 25 26 24 24 24 28 26 24 25 24 24 30 25 25 24 24 24 25 24 24 24]
       soma: 744
       mean: 24.8
agentes ociosos: [0 0 0 0 0 0 0 0 0 0 0 0 0 0 0 0 0 0 0 0 0 0 0 0 0 0 0 0 0 0]
       soma: 0
       mean: 0
reconpensas: [19.664699999999996 19.979799999999997 19.9827 19.7323 19.9787 19.9946 21.353199999999998 19.8955 19.9924 18.9991 20.5405 19.835699999999996 19.954099999999997 19.9518 20.003500000000003 20.658900000000003 19.4971 19.402899999999995 19.9207 19.982200000000002 19.5133 20.1263 19.9382 20.0005 19.6864 19.972099999999998 19.507 19.4672 19.873900000000003 19.7669]
       soma: 597.1722
       mean: 19.9057

# estimulo    t/tc      t+m/tc                tempo        tarefas_concluídas     qualidade        mensagens_trocadas    agentes ociosos   custo comp             recompensa 
#             média     média             média | desvio     média | desvio     média | desvio     média | desvio     média | desvio     média | desvio        média | desvio
[0.6]       11.6165    12.6356        0.9422    0.0186        0.7604    0.0222        0.9315    0.0292        24.8    1.4716            0    0        10.9934    2.107             19.9057    0.4189   