# 
# ----------------------------------------
# RELATÓRIO FINAL DE 30 EXECUÇÕES: 
# 
# Algoritmo: 0
# Quantidade de tarefas: 500
# Quantidade de vants: 100
# Quantidade energia cada uav: 300
# -------------------------------------------------------------------
Resultados nao tratados:
Tempo: [300 299 299 299 299 299 299 298 300 300 299 300 299 300 300 298 299 299 300 299 299 299 300 300 300 299 300 300 299 300]
       soma: 8981
       mean: 299.3667
tarefas concluidas: [222 199 200 200 213 195 204 206 197 209 195 194 198 195 214 199 205 199 204 197 216 206 204 201 202 198 209 203 213 197]
       soma: 6094
       mean: 203.1333
quant mensagens: [100 100 100 100 100 100 100 100 100 100 100 100 100 100 100 100 100 100 100 100 100 100 100 100 100 100 100 100 100 100]
       soma: 3000
       mean: 100
qualidade: [0.7963963963963967 0.759798994974874 0.7519999999999999 0.7920000000000003 0.7676056338028167 0.7712820512820514 0.7446078431372548 0.7786407766990293 0.7558375634517766 0.7784688995215311 0.7861538461538462 0.8067010309278347 0.815656565656566 0.7876923076923078 0.7747663551401872 0.7623115577889447 0.7775609756097562 0.8140703517587943 0.7720588235294118 0.7492385786802026 0.8097222222222222 0.8004854368932037 0.7622549019607843 0.7691542288557215 0.8237623762376236 0.7469696969696968 0.7679425837320574 0.8221674876847292 0.7511737089201876 0.7710659898477156]
       soma: 23.3675
       mean: 0.7789
runtime: [797.539612 366.758568 367.244566 375.667034 320.176313 340.194382 366.736841 320.270487 335.752226 349.353988 334.797148 332.734849 320.265651 270.444453 315.096632 323.593955 319.30937 335.936961 320.635737 273.957484 309.969261 268.052525 269.180869 267.418014 314.91853 317.352123 313.947156 321.487583 311.927712 274.578705]
       soma: 10055.2987
       mean: 335.1766
quant execucao: [100 100 100 100 100 100 100 100 100 100 100 100 100 100 100 100 100 100 100 100 100 100 100 100 100 100 100 100 100 100]
       soma: 3000
       mean: 100
agentes ociosos: [0 0 0 0 0 0 0 0 0 0 0 0 0 0 0 0 0 0 0 0 0 0 0 0 0 0 0 0 0 0]
       soma: 0
       mean: 0
reconpensas: [179.62939999999998 157.0931000000001 156.43229999999994 159.86919999999998 169.3409000000001 153.77460000000002 160.96280000000007 162.78539999999992 154.7842 166.51619999999997 155.8099 156.4753 160.11239999999995 155.2035 171.18969999999996 156.91710000000003 164.03009999999998 161.17439999999993 161.10320000000002 154.94119999999998 177.10410000000005 167.5089999999999 161.8126999999999 159.9599 164.642 154.34130000000002 166.4703999999999 164.88169999999997 167.97480000000007 157.5811000000001]
       soma: 4860.4219
       mean: 162.0141

# estimulo    t/tc      t+m/tc                tempo        tarefas_concluídas     qualidade        mensagens_trocadas    agentes ociosos   custo comp             recompensa 
#             média     média             média | desvio     média | desvio     média | desvio     média | desvio     média | desvio     média | desvio        média | desvio
[0.6]       1.4737    1.966        0.9979  &  0.002        0.4063  &  0.0141        0.7789  &  0.0234        100  &  0            0  &  0        335.1766  &  92.466             162.0141  &  6.5974             
# 
# Algoritmo: Swarm-GAP
# Quantidade de tarefas: 500
# Quantidade de vants: 100
# Quantidade energia cada uav: 1000
# -------------------------------------------------------------------
Resultados nao tratados:
Tempo: [998 999 998 998 999 997 997 999 998 998 999 998 998 999 998 997 998 998 998 998 999 998 999 999 998 998 1000 1000 998 999]
       soma: 29950
       mean: 998.3333
tarefas concluidas: [373 373 369 363 358 381 347 356 369 362 380 364 383 349 358 379 369 357 357 365 340 379 365 370 358 365 349 364 370 371]
       soma: 10943
       mean: 364.7667
quant mensagens: [100 100 100 100 100 100 100 100 100 100 100 100 100 100 100 100 100 100 100 100 100 100 100 100 100 100 100 100 100 100]
       soma: 3000
       mean: 100
qualidade: [0.82171581769437 0.7908847184986595 0.8195121951219513 0.7936639118457303 0.8016759776536313 0.7889763779527555 0.7608069164265134 0.7988764044943821 0.8097560975609758 0.7947513812154694 0.7831578947368425 0.7821428571428573 0.7772845953002616 0.8148997134670486 0.7874301675977654 0.8118733509234828 0.8000000000000002 0.7893557422969188 0.8064425770308126 0.7926027397260276 0.795294117647059 0.8277044854881269 0.7676712328767125 0.7635135135135134 0.7997206703910613 0.8115068493150687 0.7951289398280802 0.8170329670329672 0.8064864864864865 0.7695417789757413]
       soma: 23.8794
       mean: 0.796
runtime: [306.594474 264.627029 275.728182 268.879613 281.048149 280.541025 220.839372 224.191216 212.909535 265.298355 216.092943 264.07462 211.152723 222.069145 210.69571 259.748382 291.484631 272.082332 245.090114 256.65916 270.892403 206.275283 210.562284 253.970203 265.464385 217.742303 216.74194 217.612502 213.813909 208.828404]
       soma: 7331.7103
       mean: 244.3903
quant execucao: [100 100 100 100 100 100 100 100 100 100 100 100 100 100 100 100 100 100 100 100 100 100 100 100 100 100 100 100 100 100]
       soma: 3000
       mean: 100
agentes ociosos: [0 0 0 0 0 0 0 0 0 0 0 0 0 0 0 0 0 0 0 0 0 0 0 0 0 0 0 0 0 0]
       soma: 0
       mean: 0
reconpensas: [230.42689999999985 233.10570000000013 232.47629999999995 230.7013999999999 220.63420000000002 233.0862 210.70709999999997 225.93499999999997 233.27609999999981 229.2428 243.08099999999988 223.06559999999985 239.1172 220.47190000000018 219.84810000000013 237.45809999999997 230.1685999999999 217.6246 220.58620000000013 225.05399999999986 208.20430000000007 242.1919999999998 225.90339999999983 228.98650000000018 221.67380000000017 226.64940000000013 214.46710000000013 231.69419999999994 230.17199999999994 228.05879999999996]
       soma: 6814.0685
       mean: 227.1356

# estimulo    t/tc      t+m/tc                tempo        tarefas_concluídas     qualidade        mensagens_trocadas    agentes ociosos   custo comp             recompensa 
#             média     média             média | desvio     média | desvio     média | desvio     média | desvio     média | desvio     média | desvio        média | desvio
[0.6]       2.7369    3.0111        0.9983  &  8.0E-4        0.7295  &  0.0213        0.796  &  0.0173        100  &  0            0  &  0        244.3903  &  30.1872             227.1356  &  8.4193             