# 
# ----------------------------------------
# RELATÓRIO FINAL DE 30 EXECUÇÕES: 
# 
# Algoritmo: 0
# Quantidade de tarefas: 500
# Quantidade de vants: 100
# Quantidade energia cada uav: 300
# -------------------------------------------------------------------
Resultados nao tratados:
Tempo: [300 299 300 299 299 298 299 300 300 300 299 299 300 300 299 299 298 300 300 299 299 299 299 299 300 299 299 299 300 300]
       soma: 8980
       mean: 299.3333
tarefas concluidas: [200 205 205 206 214 216 211 196 203 210 195 217 209 218 211 192 198 214 192 189 198 205 210 211 202 196 198 198 205 211]
       soma: 6135
       mean: 204.5
quant mensagens: [103 103 102 104 102 105 108 101 104 101 106 102 104 106 101 104 102 101 106 103 100 105 102 105 103 103 103 105 106 104]
       soma: 3104
       mean: 103.4667
qualidade: [0.7410000000000001 0.784878048780488 0.8068292682926832 0.8033980582524272 0.7934579439252337 0.7847222222222222 0.7696682464454975 0.7831632653061226 0.7876847290640395 0.7366666666666666 0.764102564102564 0.7562211981566819 0.7641148325358854 0.7550458715596327 0.7819905213270145 0.7744791666666667 0.7722222222222221 0.7439252336448601 0.7635416666666668 0.7873015873015874 0.8 0.7570731707317075 0.7895238095238098 0.7829383886255925 0.7544554455445546 0.757142857142857 0.7782828282828281 0.8005050505050506 0.7565853658536587 0.775829383886256]
       soma: 23.2067
       mean: 0.7736
runtime: [1135.199589 640.256632 597.769383 600.092489 1760.48583 491.924363 506.470345 484.946603 468.151776 439.841024 495.603421 442.671252 483.471716 463.521259 521.093606 495.613084 507.869165 478.13968 469.639938 490.337198 448.14818 454.825908 480.587759 448.01054 452.695996 450.678367 459.87419 460.791247 454.599511 440.570925]
       soma: 16523.881
       mean: 550.796
quant execucao: [103 103 102 104 102 105 108 101 104 101 106 102 104 106 101 104 102 101 106 103 100 105 102 105 103 103 103 105 106 104]
       soma: 3104
       mean: 103.4667
agentes ociosos: [0 0 0 0 0 0 0 0 0 0 0 0 0 0 0 0 0 0 0 0 0 0 0 0 0 0 0 0 0 0]
       soma: 0
       mean: 0
reconpensas: [156.5302999999998 164.9687 166.34070000000003 167.24599999999992 173.16460000000006 174.56569999999988 167.95889999999994 156.7589 162.10460000000003 164.57010000000005 152.94580000000002 171.743 165.69500000000008 172.9001 169.21829999999994 151.3397999999999 157.63739999999996 167.50909999999996 150.90650000000005 150.8132999999999 160.04970000000003 161.2325 170.05819999999994 168.81499999999997 158.69959999999995 154.87579999999994 157.81889999999993 159.9942 162.3739 169.16470000000004]
       soma: 4887.9993
       mean: 162.9333

# estimulo    t/tc      t+m/tc                tempo        tarefas_concluídas     qualidade        mensagens_trocadas    agentes ociosos   custo comp             recompensa 
#             média     média             média | desvio     média | desvio     média | desvio     média | desvio     média | desvio     média | desvio        média | desvio
[0.6]       1.4637    1.9697        0.9978  &  0.002        0.409  &  0.0161        0.7736  &  0.019        103.4667  &  1.907            0  &  0        550.796  &  261.7752             162.9333  &  7.0324             
# 
# Algoritmo: Swarm-GAP (com LOOP alocação)
# Quantidade de tarefas: 500
# Quantidade de vants: 100
# Quantidade energia cada uav: 1000
# -------------------------------------------------------------------
Resultados nao tratados:
Tempo: [997 998 998 999 998 998 998 999 998 1000 999 999 996 999 998 998 998 998 997 997 998 998 999 999 997 998 999 999 999 998]
       soma: 29946
       mean: 998.2
tarefas concluidas: [364 368 382 380 371 369 386 359 349 365 374 348 379 359 369 372 383 357 360 391 351 368 368 382 385 376 384 372 378 381]
       soma: 11130
       mean: 371
quant mensagens: [113 110 116 111 114 113 107 110 107 110 107 108 110 110 111 108 109 107 112 108 107 111 112 109 110 106 115 111 114 109]
       soma: 3305
       mean: 110.1667
qualidade: [0.7637362637362635 0.7741847826086959 0.7759162303664919 0.7589473684210526 0.7824797843665768 0.8073170731707316 0.7906735751295336 0.778272980501393 0.7925501432664759 0.8090410958904107 0.7622994652406421 0.7902298850574717 0.7836411609498687 0.7969359331476326 0.7888888888888886 0.8053763440860214 0.7963446475195826 0.818487394957983 0.7886111111111109 0.8010230179028132 0.7925925925925922 0.8078804347826087 0.8048913043478261 0.7712041884816759 0.7750649350649351 0.7843085106382981 0.8117187499999995 0.7943548387096776 0.8007936507936505 0.7968503937007876]
       soma: 23.7046
       mean: 0.7902
runtime: [394.280859 386.578631 381.633571 336.31792 353.915077 337.350872 315.757701 331.001572 386.137912 377.888707 381.058837 396.521264 373.208694 330.420196 336.418132 327.06412 365.249887 380.271587 388.221351 353.814262 328.404376 335.297632 387.839801 360.671283 325.681006 364.926894 337.004942 324.189225 322.894849 366.962022]
       soma: 10686.9832
       mean: 356.2328
quant execucao: [113 110 116 111 114 113 107 110 107 110 107 108 110 110 111 108 109 107 112 108 107 111 112 109 110 106 115 111 114 109]
       soma: 3305
       mean: 110.1667
agentes ociosos: [0 0 0 0 0 0 0 0 0 0 0 0 0 0 0 0 0 0 0 0 0 0 0 0 0 0 0 0 0 0]
       soma: 0
       mean: 0
reconpensas: [222.68180000000012 228.47860000000006 243.1773 228.45120000000003 232.55589999999998 238.39500000000015 241.2795 223.82600000000002 213.23840000000007 231.94860000000017 223.1484000000001 214.82449999999997 235.5036 222.78150000000005 231.59229999999997 231.5702999999999 241.33679999999998 219.6312999999999 218.75269999999992 238.0129999999999 207.17470000000012 229.24799999999985 235.48880000000008 234.33760000000015 242.2819000000001 233.9504999999999 243.73539999999994 234.15719999999982 238.62769999999995 237.51389999999992]
       soma: 6917.7024
       mean: 230.5901

# estimulo    t/tc      t+m/tc                tempo        tarefas_concluídas     qualidade        mensagens_trocadas    agentes ociosos   custo comp             recompensa 
#             média     média             média | desvio     média | desvio     média | desvio     média | desvio     média | desvio     média | desvio        média | desvio
[0.6]       2.6906    2.9875        0.9982  &  8.0E-4        0.742  &  0.023        0.7902  &  0.0154        110.1667  &  2.6141            0  &  0        356.2328  &  25.864             230.5901  &  9.4936  