# 
# ----------------------------------------
# RELATÓRIO FINAL DE 30 EXECUÇÕES: 
# 
# Algoritmo: Ordenacao
# Quantidade de tarefas: 500
# Quantidade de vants: 100
# Quantidade energia cada uav: 300
# -------------------------------------------------------------------
Resultados nao tratados:
Tempo: [297 297 298 297 298 296 298 296 297 297 298 298 298 297 297 297 298 296 298 296 297 298 296 298 296 296 298 299 298 297]
       soma: 8917
       mean: 297.2333
tarefas concluidas: [362 371 360 366 360 362 360 359 351 347 375 360 369 367 377 374 366 352 359 368 369 383 360 357 352 367 365 364 361 360]
       soma: 10903
       mean: 363.4333
quant mensagens: [105 105 103 106 104 103 105 103 107 103 103 104 104 103 108 103 104 105 109 108 105 106 103 101 104 103 105 107 105 102]
       soma: 3136
       mean: 104.5333
qualidade: [0.9643646408839781 0.9533692722371966 0.971388888888889 0.9795081967213115 0.957777777777778 0.9591160220994475 0.9602777777777776 0.9724233983286907 0.9675213675213674 0.9654178674351584 0.9743999999999999 0.9450000000000002 0.9723577235772358 0.95858310626703 0.9580901856763928 0.9631016042780747 0.9598360655737707 0.9661931818181819 0.96016713091922 0.9519021739130433 0.9780487804878046 0.9718015665796342 0.9691666666666666 0.9633053221288517 0.9758522727272727 0.9591280653950955 0.9597260273972603 0.9502747252747252 0.9565096952908586 0.9702777777777777]
       soma: 28.9149
       mean: 0.9638
runtime: [1953.876115 1321.843866 592.534828 1183.541653 523.177859 1177.288885 506.167336 508.966201 567.242435 1417.107829 538.464138 1395.585698 1309.205517 1285.931369 1267.151336 1278.986127 1270.960229 1281.887623 1379.181317 1344.315065 1302.860984 1283.447647 1270.477853 1273.873795 1280.387377 1285.870397 1287.504067 1266.649637 1291.110719 1304.155973]
       soma: 34949.7539
       mean: 1164.9918
quant execucao: [105 105 103 106 104 103 105 103 107 103 103 104 104 103 108 103 104 105 109 108 105 106 103 101 104 103 105 107 105 102]
       soma: 3136
       mean: 104.5333
agentes ociosos: [1 1 0 0 0 0 0 1 1 0 1 0 1 1 2 1 0 1 0 0 0 0 1 0 0 0 0 0 1 0]
       soma: 13
       mean: 0.4333
reconpensas: [338.73030000000006 344.6670999999999 337.0869 345.02950000000004 335.0747 337.6845999999998 336.0703000000001 335.2564000000001 327.6332 324.2361 350.2263999999996 333.1478 346.6230000000002 341.34420000000017 351.01649999999995 349.431 341.2031000000001 329.7539999999999 334.10509999999994 342.0053999999999 346.25079999999997 358.1756999999998 337.23370000000006 331.8555999999999 330.5806999999998 342.38170000000014 339.9323999999998 337.3767000000001 335.41950000000026 336.5138000000001]
       soma: 10176.0462
       mean: 339.2015

# estimulo    t/tc      t+m/tc                tempo        tarefas_concluídas     qualidade        mensagens_trocadas    agentes ociosos   custo comp             recompensa 
#             média     média             média | desvio     média | desvio     média | desvio     média | desvio     média | desvio     média | desvio        média | desvio
[0.6]       0.8178    1.1055        0.9908  &  0.0029        0.7269  &  0.0159        0.9638  &  0.0085        104.5333  &  1.8889            0.4333  &  0.5683        1164.9918  &  343.6324             339.2015  &  7.5146             
# 
# Algoritmo: Swarm-GAP (com LOOP alocação e Ordenacao)
# Quantidade de tarefas: 500
# Quantidade de vants: 100
# Quantidade energia cada uav: 1000
# -------------------------------------------------------------------
Resultados nao tratados:
Tempo: [992 992 986 996 996 990 992 989 997 998 992 992 993 992 993 991 992 998 994 992 995 991 989 988 992 992 993 990 994 993]
       soma: 29774
       mean: 992.4667
tarefas concluidas: [500 500 500 500 500 500 500 500 500 500 500 500 500 500 500 500 500 500 500 500 500 500 500 500 500 500 500 500 500 500]
       soma: 15000
       mean: 500
quant mensagens: [61 65 72 73 65 67 66 76 65 66 61 58 67 66 62 63 67 62 66 63 66 70 70 71 61 61 73 63 65 62]
       soma: 1973
       mean: 65.7667
qualidade: [0.9718000000000001 0.9689999999999999 0.9609999999999999 0.9792 0.9611999999999998 0.9641999999999998 0.9542000000000004 0.9705999999999999 0.9798000000000001 0.9514 0.9766 0.9632000000000002 0.9834 0.9623999999999999 0.9698000000000002 0.9552000000000004 0.9668 0.9775999999999998 0.9444000000000001 0.9621999999999996 0.9618000000000002 0.98 0.9858000000000001 0.9666 0.9523999999999997 0.9657999999999998 0.9234000000000003 0.9398000000000005 0.9804 0.9702]
       soma: 28.9502
       mean: 0.965
runtime: [1063.419353 1013.700909 1021.260721 1049.659904 196.090647 205.575747 199.066402 205.208684 180.427032 245.920181 304.124583 273.000211 288.120471 299.517565 274.27165 276.362349 284.837417 194.435842 191.569966 195.932475 190.775461 200.196569 224.459018 283.051004 186.293423 1204.578395 1087.699917 208.12044 293.636696 289.410031]
       soma: 12130.7231
       mean: 404.3574
quant execucao: [61 65 72 73 65 67 66 76 65 66 61 58 67 66 62 63 67 62 66 63 66 70 70 71 61 61 73 63 65 62]
       soma: 1973
       mean: 65.7667
agentes ociosos: [41 40 39 38 38 35 43 34 42 36 44 44 36 37 40 41 37 40 35 39 37 39 35 39 41 40 36 40 37 39]
       soma: 1162
       mean: 38.7333
reconpensas: [436.9445000000004 433.62660000000005 434.1178999999999 435.3236999999996 442.9177999999996 433.1245 444.3431000000001 432.47200000000026 440.90919999999994 435.3023000000001 433.79140000000007 433.9584999999998 444.5968000000002 422.9524999999997 433.62530000000027 432.83779999999996 431.3196999999998 440.12940000000043 427.7628000000001 444.31830000000036 433.69079999999997 435.96839999999986 435.76759999999996 438.5632000000001 436.9716 435.30099999999976 422.91019999999975 431.23249999999973 438.38069999999976 438.6521000000001]
       soma: 13061.8122
       mean: 435.3937

# estimulo    t/tc      t+m/tc                tempo        tarefas_concluídas     qualidade        mensagens_trocadas    agentes ociosos   custo comp             recompensa 
#             média     média             média | desvio     média | desvio     média | desvio     média | desvio     média | desvio     média | desvio        média | desvio
[0.6]       1.9849    2.1165        0.9925   & 0.0028        1  &  0        0.965  &  0.0138        65.7667  &  4.2966            38.7333  &  2.6773        404.3574  &  343.8118             435.3937  &  5.341             

