# 
# ----------------------------------------
# RELATÓRIO FINAL DE 30 EXECUÇÕES: 
# 
# Algoritmo: 0
# Quantidade de tarefas: 500
# Quantidade de vants: 100
# Quantidade energia cada uav: 300
# -------------------------------------------------------------------
Resultados nao tratados:
Tempo: [300 300 300 300 297 300 300 300 299 300 300 300 299 300 300 298 300 300 300 300 300 300 300 300 300 300 300 300 300 300]
       soma: 8993
       mean: 299.7667
tarefas concluidas: [251 248 246 249 253 259 252 246 255 250 254 245 251 249 255 245 250 246 257 249 254 257 251 254 255 252 250 247 251 252]
       soma: 7533
       mean: 251.1
quant mensagens: [300 291 299 300 291 299 298 300 294 297 300 296 298 297 300 297 300 300 300 299 300 300 297 299 297 300 300 295 300 300]
       soma: 8944
       mean: 298.1333
qualidade: [0.9701195219123506 0.9750000000000001 0.9699186991869917 0.9682730923694779 0.9750988142292489 0.9714285714285714 0.9547619047619048 0.9642276422764228 0.9756862745098039 0.9783999999999999 0.9681102362204723 0.9885714285714285 0.9661354581673307 0.9742971887550199 0.9737254901960785 0.9763265306122448 0.9755999999999999 0.9711382113821138 0.9774319066147861 0.9546184738955824 0.9724409448818898 0.9739299610894943 0.9804780876494023 0.9543307086614172 0.9764705882352941 0.9698412698412698 0.9579999999999999 0.9736842105263158 0.9685258964143425 0.963888888888889]
       soma: 29.1205
       mean: 0.9707
runtime: [3239.715105 1504.28553 2168.563273 2138.361388 2151.124092 2090.570021 2125.531036 2157.248886 2099.908413 2133.057664 2141.390871 2092.801972 2099.668136 2152.064111 2228.312583 2263.609281 2202.15202 2362.848177 2141.668591 2145.817373 2149.274288 2488.073752 2153.820938 2334.772607 2124.359214 2153.554085 2162.534479 1394.259303 2161.363264 2139.579097]
       soma: 64900.2896
       mean: 2163.343
quant execucao: [300 291 299 300 291 299 298 300 294 297 300 296 298 297 300 297 300 300 300 299 300 300 297 299 297 300 300 295 300 300]
       soma: 8944
       mean: 298.1333
agentes ociosos: [0 0 0 0 0 0 0 0 0 0 0 0 0 0 0 0 0 0 0 0 0 0 0 0 0 0 0 0 0 0]
       soma: 0
       mean: 0
reconpensas: [240.78420000000006 238.1488999999998 235.94990000000016 238.85459999999995 243.7412 249.1274000000001 240.19640000000015 235.45039999999997 244.6846 240.22969999999998 243.48290000000003 236.67680000000007 240.20080000000004 239.11000000000024 245.10290000000003 235.61880000000005 240.38930000000028 236.19919999999996 246.9747999999999 237.4758 244.281 247.16050000000013 241.72270000000012 241.83870000000013 245.3018000000001 242.1882000000002 238.7352 237.09890000000013 240.6717000000002 241.28320000000005]
       soma: 7228.6805
       mean: 240.956

# estimulo    t/tc      t+m/tc                tempo        tarefas_concluídas     qualidade        mensagens_trocadas    agentes ociosos   custo comp             recompensa 
#             média     média             média | desvio     média | desvio     média | desvio     média | desvio     média | desvio     média | desvio        média | desvio
[0.6]       1.1938    2.3811        0.9992  &  0.0023        0.5022  &  0.0075        0.9707  &  0.0078        298.1333  &  2.5695            0  &  0        2163.343  &  287.6923             240.956  &  3.6869             
# 
# Algoritmo: Swarm-GAP (com LOOP alocação e LIMITE)
# Quantidade de tarefas: 500
# Quantidade de vants: 100
# Quantidade energia cada uav: 1000
# -------------------------------------------------------------------
Resultados nao tratados:
Tempo: [988 977 997 998 988 982 998 986 990 992 961 984 988 988 987 981 981 987 997 996 985 967 992 961 999 1000 949 980 997 991]
       soma: 29567
       mean: 985.5667
tarefas concluidas: [500 500 500 500 500 500 500 500 500 500 500 500 500 500 500 500 500 500 500 500 500 500 500 500 500 500 500 500 500 500]
       soma: 15000
       mean: 500
quant mensagens: [524 517 543 525 537 538 512 522 517 521 530 510 523 514 511 513 514 523 543 537 525 514 529 556 551 518 524 540 518 536]
       soma: 15785
       mean: 526.1667
qualidade: [0.9696 0.9758000000000001 0.9678 0.9762000000000001 0.9894 0.9742 0.9882000000000001 0.979 0.979 0.9868000000000001 0.9744 0.9776 0.9765999999999999 0.9681999999999998 0.9815999999999999 0.9811999999999999 0.9838000000000001 0.9803999999999998 0.976 0.9764 0.9712 0.9832 0.9815999999999999 0.9748000000000001 0.9746000000000001 0.9700000000000001 0.9876000000000001 0.9802 0.9773999999999999 0.9726]
       soma: 29.3354
       mean: 0.9778
runtime: [2451.220639 2441.243488 2441.227199 2426.629165 2461.547932 2425.607652 2460.797511 2430.665652 2551.599366 2635.73187 3375.728023 3570.32926 4181.48416 3609.855065 3656.648491 3587.056032 3633.916477 3570.396897 3618.17799 3622.518763 2838.453833 2452.433524 2445.439381 2435.395244 2651.949083 2549.27382 2433.898012 2483.103289 2489.859565 2443.370402]
       soma: 86375.5578
       mean: 2879.1853
quant execucao: [524 517 543 525 537 538 512 522 517 521 530 510 523 514 511 513 514 523 543 537 525 514 529 556 551 518 524 540 518 536]
       soma: 15785
       mean: 526.1667
agentes ociosos: [0 0 0 0 0 0 0 0 0 0 0 0 0 0 0 0 0 0 0 0 0 0 0 0 0 0 0 0 0 0]
       soma: 0
       mean: 0
reconpensas: [461.9102000000001 459.18690000000026 460.42499999999956 462.05989999999963 461.49980000000045 459.2007000000003 461.10619999999983 461.30260000000004 462.24259999999947 463.3366 460.5623 466.67870000000016 461.03629999999987 460.0678000000001 461.3244 463.2180999999999 462.04950000000014 464.24030000000005 458.99099999999993 462.79659999999956 463.6287000000003 461.1469999999998 460.13840000000005 463.57909999999964 461.93820000000034 456.04600000000016 464.0744999999998 463.1747000000001 462.0261000000002 458.9872000000001]
       soma: 13847.9754
       mean: 461.5992

# estimulo    t/tc      t+m/tc                tempo        tarefas_concluídas     qualidade        mensagens_trocadas    agentes ociosos   custo comp             recompensa 
#             média     média             média | desvio     média | desvio     média | desvio     média | desvio     média | desvio     média | desvio        média | desvio
[0.6]       1.9711    3.0235        0.9856  &  0.0123        1  &  0        0.9778  &  0.0058        526.1667  &  12.3821            0  &  0        2879.1853  &  567.0917             461.5992  &  2.0479            