"Dhin" "Dain" "Bwin" "Erosion" "deltacrest"
"1" 2.529 31.762 33.000 8.852 0.000
"2" 5.629 108.855 33.000 8.444 0.000
"3" 6.129 123.174 33.000 9.194 0.000
"4" 2.529 26.704 33.000 7.774 0.020
"5" 2.829 32.63 33.000 7.073 0.000
"6" 3.129 37.561 33.000 7.823 0.000
"7" 3.429 42.762 33.000 8.573 0.000
"8" 3.729 50.098 33.000 7.458 0.000
"9" 4.029 55.989 33.000 8.058 0.000
"10" 4.329 62.15 33.000 8.658 0.000
"11" 4.729 73.149 33.000 7.094 0.000
"12" 2.829 38.288 33.000 7.073 0.000
"13" 5.129 82.464 33.000 7.694 0.000
"14" 5.629 97.597 33.000 8.444 0.000
"15" 6.129 110.916 33.000 9.194 0.000
"16" 2.529 21.646 33.000 9.581 0.670
"17" 2.829 26.971 33.000 8.235 0.330
"18" 3.129 31.303 33.000 8.985 0.330
"19" 3.429 35.904 33.000 9.735 0.330
"20" 3.729 42.639 33.000 7.458 0.000
"21" 4.029 47.931 33.000 8.058 0.000
"22" 4.329 53.492 33.000 8.658 0.000
"23" 3.129 43.819 33.000 7.823 0.000
"24" 4.729 63.691 33.000 7.094 0.000
"25" 5.129 72.206 33.000 7.694 0.000
"26" 5.629 86.339 33.000 8.444 0.000
"27" 6.129 98.658 33.000 9.194 0.000
"28" 2.529 16.588 33.000 16.588 4.400
"29" 2.829 21.313 33.000 8.818 0.820
"30" 3.129 25.045 33.000 10.786 0.940
"31" 3.429 29.046 33.000 10.793 0.860
"32" 3.729 35.181 33.000 10.720 0.650
"33" 4.029 39.872 33.000 10.049 0.670
"34" 3.429 49.62 33.000 8.573 0.000
"35" 4.329 44.834 33.000 10.648 0.670
"36" 4.729 54.233 33.000 8.255 0.330
"37" 5.129 61.948 33.000 8.854 0.330
"38" 5.629 75.081 33.000 12.343 0.330
"39" 6.129 86.4 33.000 10.520 0.330
"40" 2.529 11.53 33.000 11.530 4.400
"41" 2.829 15.655 33.000 15.655 4.700
"42" 3.129 18.786 33.000 10.309 1.670
"43" 3.429 22.188 33.000 11.057 1.670
"44" 3.729 27.723 33.000 9.969 1.210
"45" 3.729 57.556 33.000 7.458 0.000
"46" 4.029 31.814 33.000 10.116 1.170
"47" 4.329 36.176 33.000 10.806 1.170
"48" 4.729 44.775 33.000 9.578 1.000
"49" 5.129 51.69 33.000 10.177 1.000
"50" 5.629 63.823 33.000 7.616 0.670
"51" 6.129 74.141 33.000 9.432 0.730
"52" 4.029 64.047 33.000 8.058 0.000
"53" 4.329 70.808 33.000 8.658 0.000
"54" 4.729 82.607 33.000 7.094 0.000
"55" 5.129 92.722 33.000 7.694 0.000
"56" 2.529 35.556 33.000 5.058 0.000
"57" 5.629 122.928 33.000 0.000 0.000
"58" 6.129 141.561 33.000 0.000 0.000
"59" 2.529 30.497 33.000 5.058 0.000
"60" 2.829 36.873 33.000 4.244 0.000
"61" 3.129 42.254 33.000 4.694 0.000
"62" 3.429 49.62 33.000 3.429 0.000
"63" 3.729 55.691 33.000 3.729 0.000
"64" 4.029 64.047 33.000 4.029 0.000
"65" 4.329 72.972 33.000 2.165 0.000
"66" 4.729 82.607 33.000 2.365 0.000
"67" 2.829 42.531 33.000 4.244 0.000
"68" 5.129 95.287 33.000 2.565 0.000
"69" 5.629 111.67 33.000 0.000 0.000
"70" 6.129 129.303 33.000 0.000 0.000
"71" 2.529 25.439 33.000 5.058 0.000
"72" 2.829 31.215 33.000 4.244 0.000
"73" 3.129 35.996 33.000 4.694 0.000
"74" 3.429 42.762 33.000 3.429 0.000
"75" 3.729 48.233 33.000 3.729 0.000
"76" 4.029 55.989 33.000 4.029 0.000
"77" 4.329 64.314 33.000 2.165 0.000
"78" 3.129 48.512 33.000 4.694 0.000
"79" 4.729 73.149 33.000 2.365 0.000
"80" 5.129 85.029 33.000 2.565 0.000
"81" 5.629 100.412 33.000 0.000 0.000
"82" 6.129 117.045 33.000 0.000 0.000
"83" 2.529 20.381 33.000 7.385 0.670
"84" 2.829 25.557 33.000 5.573 0.330
"85" 3.129 29.738 33.000 6.023 0.330
"86" 3.429 35.904 33.000 3.429 0.000
"87" 3.729 40.775 33.000 3.729 0.000
"88" 4.029 47.931 33.000 4.029 0.000
"89" 3.429 56.478 33.000 3.429 0.000
"90" 4.329 55.656 33.000 2.165 0.000
"91" 4.729 63.691 33.000 2.365 0.000
"92" 5.129 74.77 33.000 2.565 0.000
"93" 5.629 89.154 33.000 0.000 0.000
"94" 6.129 104.787 33.000 0.000 0.000
"95" 2.529 15.323 33.000 8.843 1.390
"96" 2.829 19.899 33.000 7.234 1.000
"97" 3.129 23.48 33.000 8.200 0.950
"98" 3.429 29.046 33.000 5.754 0.670
"99" 3.729 33.317 33.000 6.053 0.670
"100" 3.729 63.149 33.000 3.729 0.000
"101" 4.029 39.872 33.000 3.343 0.330
"102" 4.329 46.998 33.000 3.659 0.330
"103" 4.729 54.233 33.000 3.858 0.330
"104" 5.129 64.512 33.000 1.317 0.060
"105" 5.629 77.895 33.000 0.000 0.000
"106" 6.129 92.529 33.000 0.000 0.000
"107" 4.029 72.105 33.000 4.029 0.000
"108" 4.329 81.631 33.000 2.165 0.000
"109" 4.729 92.065 33.000 2.365 0.000
"110" 5.129 105.545 33.000 2.565 0.000
"111" 2.529 38.085 33.000 3.794 0.000
"112" 5.629 139.815 33.000 0.000 0.000
"113" 6.129 159.948 33.000 0.000 0.000
"114" 2.529 33.027 33.000 3.794 0.000
"115" 2.829 39.702 33.000 2.829 0.000
"116" 3.129 46.948 33.000 3.129 0.000
"117" 3.429 54.764 33.000 1.715 0.000
"118" 3.729 63.149 33.000 0.000 0.000
"119" 4.029 72.105 33.000 0.000 0.000
"120" 4.329 81.631 33.000 0.000 0.000
"121" 4.729 94.43 33.000 0.000 0.000
"122" 2.829 45.36 33.000 2.829 0.000
"123" 5.129 108.109 33.000 0.000 0.000
"124" 5.629 128.557 33.000 0.000 0.000
"125" 6.129 147.69 33.000 0.000 0.000
"126" 2.529 27.968 33.000 3.794 0.000
"127" 2.829 34.044 33.000 2.829 0.000
"128" 3.129 40.69 33.000 3.129 0.000
"129" 3.429 47.905 33.000 1.715 0.000
"130" 3.729 55.691 33.000 0.000 0.000
"131" 4.029 64.047 33.000 0.000 0.000
"132" 4.329 72.972 33.000 0.000 0.000
"133" 3.129 53.206 33.000 3.129 0.000
"134" 4.729 84.972 33.000 0.000 0.000
"135" 5.129 97.851 33.000 0.000 0.000
"136" 5.629 117.299 33.000 0.000 0.000
"137" 6.129 135.432 33.000 0.000 0.000
"138" 2.529 22.91 33.000 5.290 0.330
"139" 2.829 28.386 33.000 2.829 0.000
"140" 3.129 34.432 33.000 3.129 0.000
"141" 3.429 41.047 33.000 1.715 0.000
"142" 3.729 48.233 33.000 0.000 0.000
"143" 4.029 55.989 33.000 0.000 0.000
"144" 3.429 61.622 33.000 1.715 0.000
"145" 4.329 64.314 33.000 0.000 0.000
"146" 4.729 75.514 33.000 0.000 0.000
"147" 5.129 87.593 33.000 0.000 0.000
"148" 5.629 106.041 33.000 0.000 0.000
"149" 6.129 123.174 33.000 0.000 0.000
"150" 2.529 17.852 33.000 7.284 1.000
"151" 2.829 22.728 33.000 5.488 0.670
"152" 3.129 28.174 33.000 3.060 0.330
"153" 3.429 34.189 33.000 4.096 0.280
"154" 3.729 40.775 33.000 0.000 0.000
"155" 3.729 70.607 33.000 0.000 0.000
"156" 4.029 47.931 33.000 0.000 0.000
"157" 4.329 55.656 33.000 0.000 0.000
"158" 4.729 66.056 33.000 0.000 0.000
"159" 5.129 77.335 33.000 0.000 0.000
"160" 5.629 94.783 33.000 0.000 0.000
"161" 6.129 110.916 33.000 0.000 0.000
"162" 4.029 80.163 33.000 0.000 0.000
"163" 4.329 90.289 33.000 0.000 0.000
"164" 4.729 103.888 33.000 0.000 0.000
"165" 5.129 118.367 33.000 0.000 0.000
"166" 2.529 41.878 33.000 1.265 0.000
"167" 5.629 153.888 33.000 0.000 0.000
"168" 6.129 178.335 33.000 0.000 0.000
"169" 2.529 36.82 33.000 1.265 0.000
"170" 2.829 43.946 33.000 0.000 0.000
"171" 3.129 51.641 33.000 0.000 0.000
"172" 3.429 59.907 33.000 0.000 0.000
"173" 3.729 70.607 33.000 0.000 0.000
"174" 4.029 80.163 33.000 0.000 0.000
"175" 4.329 90.289 33.000 0.000 0.000
"176" 4.729 106.253 33.000 0.000 0.000
"177" 2.829 49.604 33.000 0.000 0.000
"178" 5.129 120.932 33.000 0.000 0.000
"179" 5.629 142.63 33.000 0.000 0.000
"180" 6.129 166.077 33.000 0.000 0.000
"181" 2.529 31.762 33.000 1.265 0.000
"182" 2.829 38.288 33.000 0.000 0.000
"183" 3.129 45.383 33.000 0.000 0.000
"184" 3.429 53.049 33.000 0.000 0.000
"185" 3.729 63.149 33.000 0.000 0.000
"186" 4.029 72.105 33.000 0.000 0.000
"187" 4.329 81.631 33.000 0.000 0.000
"188" 3.129 57.9 33.000 0.000 0.000
"189" 4.729 96.794 33.000 0.000 0.000
"190" 5.129 110.674 33.000 0.000 0.000
"191" 5.629 131.371 33.000 0.000 0.000
"192" 6.129 153.819 33.000 0.000 0.000
"193" 2.529 26.704 33.000 1.265 0.000
"194" 2.829 32.63 33.000 0.000 0.000
"195" 3.129 39.125 33.000 0.000 0.000
"196" 3.429 46.191 33.000 0.000 0.000
"197" 3.729 55.691 33.000 0.000 0.000
"198" 4.029 64.047 33.000 0.000 0.000
"199" 3.429 66.765 33.000 0.000 0.000
"200" 4.329 72.972 33.000 0.000 0.000
"201" 4.729 87.336 33.000 0.000 0.000
"202" 5.129 100.416 33.000 0.000 0.000
"203" 5.629 120.113 33.000 0.000 0.000
"204" 6.129 141.561 33.000 0.000 0.000
"205" 2.529 21.646 33.000 2.927 0.330
"206" 2.829 26.971 33.000 0.000 0.000
"207" 3.129 32.867 33.000 0.000 0.000
"208" 3.429 39.333 33.000 0.000 0.000
"209" 3.729 48.233 33.000 0.000 0.000
"210" 3.729 78.065 33.000 0.000 0.000
"211" 4.029 55.989 33.000 0.000 0.000
"212" 4.329 64.314 33.000 0.000 0.000
"213" 4.729 77.878 33.000 0.000 0.000
"214" 5.129 90.158 33.000 0.000 0.000
"215" 5.629 108.855 33.000 0.000 0.000
"216" 6.129 129.303 33.000 0.000 0.000
"217" 4.029 88.221 33.000 0.000 0.000
"218" 4.329 98.947 33.000 0.000 0.000
"219" 4.729 115.711 33.000 0.000 0.000
"220" 5.129 131.19 33.000 0.000 0.000
"221" 2.529 44.407 33.000 0.000 0.000
"222" 5.629 170.775 33.000 0.000 0.000
"223" 6.129 196.722 33.000 0.000 0.000
"224" 2.529 39.349 33.000 0.000 0.000
"225" 2.829 48.189 33.000 0.000 0.000
"226" 3.129 56.335 33.000 0.000 0.000
"227" 3.429 66.765 33.000 0.000 0.000
"228" 3.729 76.201 33.000 0.000 0.000
"229" 4.029 88.221 33.000 0.000 0.000
"230" 4.329 98.947 33.000 0.000 0.000
"231" 4.729 115.711 33.000 0.000 0.000
"232" 2.829 53.847 33.000 0.000 0.000
"233" 5.129 133.755 33.000 0.000 0.000
"234" 5.629 159.517 33.000 0.000 0.000
"235" 6.129 184.464 33.000 0.000 0.000
"236" 2.529 34.291 33.000 0.000 0.000
"237" 2.829 42.531 33.000 0.000 0.000
"238" 3.129 50.077 33.000 0.000 0.000
"239" 3.429 59.907 33.000 0.000 0.000
"240" 3.729 68.743 33.000 0.000 0.000
"241" 4.029 80.163 33.000 0.000 0.000
"242" 4.329 90.289 33.000 0.000 0.000
"243" 3.129 62.593 33.000 0.000 0.000
"244" 4.729 106.253 33.000 0.000 0.000
"245" 5.129 123.496 33.000 0.000 0.000
"246" 5.629 148.259 33.000 0.000 0.000
"247" 6.129 172.206 33.000 0.000 0.000
"248" 2.529 29.233 33.000 0.000 0.000
"249" 2.829 36.873 33.000 0.000 0.000
"250" 3.129 43.819 33.000 0.000 0.000
"251" 3.429 53.049 33.000 0.000 0.000
"252" 3.729 61.285 33.000 0.000 0.000
"253" 4.029 72.105 33.000 0.000 0.000
"254" 3.429 73.623 33.000 0.000 0.000
"255" 4.329 81.631 33.000 0.000 0.000
"256" 4.729 96.794 33.000 0.000 0.000
"257" 5.129 113.238 33.000 0.000 0.000
"258" 5.629 137.001 33.000 0.000 0.000
"259" 6.129 159.948 33.000 0.000 0.000
"260" 2.529 24.175 33.000 0.000 0.000
"261" 2.829 31.215 33.000 0.000 0.000
"262" 3.129 37.561 33.000 0.000 0.000
"263" 3.429 46.191 33.000 0.000 0.000
"264" 3.729 53.827 33.000 0.000 0.000
"265" 3.729 83.659 33.000 0.000 0.000
"266" 4.029 64.047 33.000 0.000 0.000
"267" 4.329 72.972 33.000 0.000 0.000
"268" 4.729 87.336 33.000 0.000 0.000
"269" 5.129 102.98 33.000 0.000 0.000
"270" 5.629 125.742 33.000 0.000 0.000
"271" 6.129 147.69 33.000 0.000 0.000
"272" 4.029 96.279 33.000 0.000 0.000
"273" 4.329 107.605 33.000 0.000 0.000
"274" 4.729 125.169 33.000 0.000 0.000
"275" 5.129 144.013 33.000 0.000 0.000
"276" 2.542 31.952 37.000 7.626 0.000
"277" 5.642 109.192 37.000 5.642 0.000
"278" 6.142 123.53 37.000 9.213 0.000
"279" 2.542 26.868 37.000 7.626 0.000
"280" 2.842 32.812 37.000 5.684 0.000
"281" 3.142 37.755 37.000 6.284 0.000
"282" 3.442 42.968 37.000 6.884 0.000
"283" 3.742 50.322 37.000 5.613 0.000
"284" 4.042 56.224 37.000 8.084 0.000
"285" 4.342 62.397 37.000 8.684 0.000
"286" 4.742 73.419 37.000 7.113 0.000
"287" 2.842 38.496 37.000 5.684 0.000
"288" 5.142 82.749 37.000 7.713 0.000
"289" 5.642 97.908 37.000 5.642 0.000
"290" 6.142 111.246 37.000 9.213 0.000
"291" 2.542 21.784 37.000 7.352 0.330
"292" 2.842 27.128 37.000 5.684 0.000
"293" 3.142 31.471 37.000 6.284 0.000
"294" 3.442 36.084 37.000 6.884 0.000
"295" 3.742 42.838 37.000 5.613 0.000
"296" 4.042 48.14 37.000 8.084 0.000
"297" 4.342 53.713 37.000 8.684 0.000
"298" 3.142 44.039 37.000 6.284 0.000
"299" 4.742 63.935 37.000 7.113 0.000
"300" 5.142 72.465 37.000 7.713 0.000
"301" 5.642 86.624 37.000 5.642 0.000
"302" 6.142 98.962 37.000 9.213 0.000
"303" 2.542 16.7 37.000 8.347 1.000
"304" 2.842 21.444 37.000 7.344 0.670
"305" 3.142 25.187 37.000 7.943 0.670
"306" 3.442 29.2 37.000 8.543 0.670
"307" 3.742 35.354 37.000 6.608 0.330
"308" 4.042 40.056 37.000 7.058 0.330
"309" 3.442 49.852 37.000 6.884 0.000
"310" 4.342 45.029 37.000 7.508 0.330
"311" 4.742 54.451 37.000 10.273 0.320
"312" 5.142 62.181 37.000 8.874 0.330
"313" 5.642 75.34 37.000 5.642 0.000
"314" 6.142 86.678 37.000 9.337 0.140
"315" 2.542 11.616 37.000 11.616 4.400
"316" 2.842 15.76 37.000 7.673 1.330
"317" 3.142 18.903 37.000 8.272 1.330
"318" 3.442 22.316 37.000 8.871 1.330
"319" 3.742 27.87 37.000 7.601 1.000
"320" 3.742 57.806 37.000 5.613 0.000
"321" 4.042 31.972 37.000 8.050 1.000
"322" 4.342 36.345 37.000 8.499 1.000
"323" 4.742 44.967 37.000 6.398 0.670
"324" 5.142 51.897 37.000 7.938 0.730
"325" 5.642 64.056 37.000 7.629 0.670
"326" 6.142 74.394 37.000 8.128 0.670
"327" 4.042 64.308 37.000 8.084 0.000
"328" 4.342 71.081 37.000 8.684 0.000
"329" 4.742 82.903 37.000 7.113 0.000
"330" 5.142 93.033 37.000 7.713 0.000
"331" 2.542 35.765 37.000 5.084 0.000
"332" 5.642 123.297 37.000 0.000 0.000
"333" 6.142 141.956 37.000 0.000 0.000
"334" 2.542 30.681 37.000 5.084 0.000
"335" 2.842 37.075 37.000 4.263 0.000
"336" 3.142 42.468 37.000 4.713 0.000
"337" 3.442 49.852 37.000 3.442 0.000
"338" 3.742 55.935 37.000 3.742 0.000
"339" 4.042 64.308 37.000 2.021 0.000
"340" 4.342 73.252 37.000 2.171 0.000
"341" 4.742 82.903 37.000 2.371 0.000
"342" 2.842 42.759 37.000 4.263 0.000
"343" 5.142 95.604 37.000 0.000 0.000
"344" 5.642 112.013 37.000 0.000 0.000
"345" 6.142 129.672 37.000 0.000 0.000
"346" 2.542 25.597 37.000 5.084 0.000
"347" 2.842 31.391 37.000 4.263 0.000
"348" 3.142 36.184 37.000 4.713 0.000
"349" 3.442 42.968 37.000 3.442 0.000
"350" 3.742 48.451 37.000 3.742 0.000
"351" 4.042 56.224 37.000 2.021 0.000
"352" 4.342 64.568 37.000 2.171 0.000
"353" 3.142 48.752 37.000 4.713 0.000
"354" 4.742 73.419 37.000 2.371 0.000
"355" 5.142 85.32 37.000 0.000 0.000
"356" 5.642 100.729 37.000 0.000 0.000
"357" 6.142 117.388 37.000 0.000 0.000
"358" 2.542 20.513 37.000 4.976 0.330
"359" 2.842 25.707 37.000 3.497 0.050
"360" 3.142 29.9 37.000 6.062 0.220
"361" 3.442 36.084 37.000 3.442 0.000
"362" 3.742 40.967 37.000 3.742 0.000
"363" 4.042 48.14 37.000 2.021 0.000
"364" 3.442 56.736 37.000 3.442 0.000
"365" 4.342 55.884 37.000 2.171 0.000
"366" 4.742 63.935 37.000 2.371 0.000
"367" 5.142 75.036 37.000 0.000 0.000
"368" 5.642 89.445 37.000 0.000 0.000
"369" 6.142 105.104 37.000 0.000 0.000
"370" 2.542 15.429 37.000 8.168 1.220
"371" 2.842 20.023 37.000 4.835 0.670
"372" 3.142 23.616 37.000 5.134 0.670
"373" 3.442 29.2 37.000 4.316 0.440
"374" 3.742 33.483 37.000 6.861 0.610
"375" 3.742 63.419 37.000 3.742 0.000
"376" 4.042 40.056 37.000 3.349 0.330
"377" 4.342 47.2 37.000 1.741 0.100
"378" 4.742 54.451 37.000 3.865 0.330
"379" 5.142 64.752 37.000 0.000 0.000
"380" 5.642 78.161 37.000 0.000 0.000
"381" 6.142 92.82 37.000 0.000 0.000
"382" 4.042 72.392 37.000 2.021 0.000
"383" 4.342 81.936 37.000 2.171 0.000
"384" 4.742 92.387 37.000 2.371 0.000
"385" 5.142 105.888 37.000 0.000 0.000
"386" 2.542 38.307 37.000 3.813 0.000
"387" 5.642 140.223 37.000 0.000 0.000
"388" 6.142 160.382 37.000 0.000 0.000
"389" 2.542 33.223 37.000 3.813 0.000
"390" 2.842 39.917 37.000 2.842 0.000
"391" 3.142 47.181 37.000 1.571 0.000
"392" 3.442 55.015 37.000 1.721 0.000
"393" 3.742 63.419 37.000 0.000 0.000
"394" 4.042 72.392 37.000 0.000 0.000
"395" 4.342 81.936 37.000 0.000 0.000
"396" 4.742 94.758 37.000 0.000 0.000
"397" 2.842 45.601 37.000 2.842 0.000
"398" 5.142 108.459 37.000 0.000 0.000
"399" 5.642 128.939 37.000 0.000 0.000
"400" 6.142 148.098 37.000 0.000 0.000
"401" 2.542 28.139 37.000 3.813 0.000
"402" 2.842 34.233 37.000 2.842 0.000
"403" 3.142 40.897 37.000 1.571 0.000
"404" 3.442 48.131 37.000 1.721 0.000
"405" 3.742 55.935 37.000 0.000 0.000
"406" 4.042 64.308 37.000 0.000 0.000
"407" 4.342 73.252 37.000 0.000 0.000
"408" 3.142 53.465 37.000 1.571 0.000
"409" 4.742 85.274 37.000 0.000 0.000
"410" 5.142 98.175 37.000 0.000 0.000
"411" 5.642 117.655 37.000 0.000 0.000
"412" 6.142 135.814 37.000 0.000 0.000
"413" 2.542 23.055 37.000 6.063 0.300
"414" 2.842 28.549 37.000 2.842 0.000
"415" 3.142 34.613 37.000 1.571 0.000
"416" 3.442 41.247 37.000 1.721 0.000
"417" 3.742 48.451 37.000 0.000 0.000
"418" 4.042 56.224 37.000 0.000 0.000
"419" 3.442 61.899 37.000 1.721 0.000
"420" 4.342 64.568 37.000 0.000 0.000
"421" 4.742 75.79 37.000 0.000 0.000
"422" 5.142 87.891 37.000 0.000 0.000
"423" 5.642 106.371 37.000 0.000 0.000
"424" 6.142 123.53 37.000 0.000 0.000
"425" 2.542 17.971 37.000 7.667 0.950
"426" 2.842 22.865 37.000 4.018 0.440
"427" 3.142 28.329 37.000 3.067 0.330
"428" 3.442 34.363 37.000 0.071 0.000
"429" 3.742 40.967 37.000 0.000 0.000
"430" 3.742 70.903 37.000 0.000 0.000
"431" 4.042 48.14 37.000 0.000 0.000
"432" 4.342 55.884 37.000 0.000 0.000
"433" 4.742 66.306 37.000 0.000 0.000
"434" 5.142 77.607 37.000 0.000 0.000
"435" 5.642 95.087 37.000 0.000 0.000
"436" 6.142 111.246 37.000 0.000 0.000
"437" 4.042 80.476 37.000 0.000 0.000
"438" 4.342 90.62 37.000 0.000 0.000
"439" 4.742 104.242 37.000 0.000 0.000
"440" 5.142 118.743 37.000 0.000 0.000
"441" 2.542 42.12 37.000 1.271 0.000
"442" 5.642 154.328 37.000 0.000 0.000
"443" 6.142 178.808 37.000 0.000 0.000
"444" 2.542 37.036 37.000 1.271 0.000
"445" 2.842 44.18 37.000 0.000 0.000
"446" 3.142 51.894 37.000 0.000 0.000
"447" 3.442 60.178 37.000 0.000 0.000
"448" 3.742 70.903 37.000 0.000 0.000
"449" 4.042 80.476 37.000 0.000 0.000
"450" 4.342 90.62 37.000 0.000 0.000
"451" 4.742 106.613 37.000 0.000 0.000
"452" 2.842 49.864 37.000 0.000 0.000
"453" 5.142 121.314 37.000 0.000 0.000
"454" 5.642 143.044 37.000 0.000 0.000
"455" 6.142 166.524 37.000 0.000 0.000
"456" 2.542 31.952 37.000 1.271 0.000
"457" 2.842 38.496 37.000 0.000 0.000
"458" 3.142 45.61 37.000 0.000 0.000
"459" 3.442 53.294 37.000 0.000 0.000
"460" 3.742 63.419 37.000 0.000 0.000
"461" 4.042 72.392 37.000 0.000 0.000
"462" 4.342 81.936 37.000 0.000 0.000
"463" 3.142 58.178 37.000 0.000 0.000
"464" 4.742 97.129 37.000 0.000 0.000
"465" 5.142 111.03 37.000 0.000 0.000
"466" 5.642 131.76 37.000 0.000 0.000
"467" 6.142 154.24 37.000 0.000 0.000
"468" 2.542 26.868 37.000 1.271 0.000
"469" 2.842 32.812 37.000 0.000 0.000
"470" 3.142 39.326 37.000 0.000 0.000
"471" 3.442 46.41 37.000 0.000 0.000
"472" 3.742 55.935 37.000 0.000 0.000
"473" 4.042 64.308 37.000 0.000 0.000
"474" 3.442 67.062 37.000 0.000 0.000
"475" 4.342 73.252 37.000 0.000 0.000
"476" 4.742 87.645 37.000 0.000 0.000
"477" 5.142 100.746 37.000 0.000 0.000
"478" 5.642 120.476 37.000 0.000 0.000
"479" 6.142 141.956 37.000 0.000 0.000
"480" 2.542 21.784 37.000 1.932 0.160
"481" 2.842 27.128 37.000 0.000 0.000
"482" 3.142 33.042 37.000 0.000 0.000
"483" 3.442 39.526 37.000 0.000 0.000
"484" 3.742 48.451 37.000 0.000 0.000
"485" 3.742 78.387 37.000 0.000 0.000
"486" 4.042 56.224 37.000 0.000 0.000
"487" 4.342 64.568 37.000 0.000 0.000
"488" 4.742 78.161 37.000 0.000 0.000
"489" 5.142 90.462 37.000 0.000 0.000
"490" 5.642 109.192 37.000 0.000 0.000
"491" 6.142 129.672 37.000 0.000 0.000
"492" 4.042 88.56 37.000 0.000 0.000
"493" 4.342 99.304 37.000 0.000 0.000
"494" 4.742 116.097 37.000 0.000 0.000
"495" 5.142 131.598 37.000 0.000 0.000
"496" 2.542 44.662 37.000 0.000 0.000
"497" 5.642 171.254 37.000 0.000 0.000
"498" 6.142 197.234 37.000 0.000 0.000
"499" 2.542 39.578 37.000 0.000 0.000
"500" 2.842 48.443 37.000 0.000 0.000
"501" 3.142 56.607 37.000 0.000 0.000
"502" 3.442 67.062 37.000 0.000 0.000
"503" 3.742 76.516 37.000 0.000 0.000
"504" 4.042 88.56 37.000 0.000 0.000
"505" 4.342 99.304 37.000 0.000 0.000
"506" 4.742 116.097 37.000 0.000 0.000
"507" 2.842 54.127 37.000 0.000 0.000
"508" 5.142 134.169 37.000 0.000 0.000
"509" 5.642 159.97 37.000 0.000 0.000
"510" 6.142 184.95 37.000 0.000 0.000
"511" 2.542 34.494 37.000 0.000 0.000
"512" 2.842 42.759 37.000 0.000 0.000
"513" 3.142 50.323 37.000 0.000 0.000
"514" 3.442 60.178 37.000 0.000 0.000
"515" 3.742 69.032 37.000 0.000 0.000
"516" 4.042 80.476 37.000 0.000 0.000
"517" 4.342 90.62 37.000 0.000 0.000
"518" 3.142 62.891 37.000 0.000 0.000
"519" 4.742 106.613 37.000 0.000 0.000
"520" 5.142 123.885 37.000 0.000 0.000
"521" 5.642 148.686 37.000 0.000 0.000
"522" 6.142 172.666 37.000 0.000 0.000
"523" 2.542 29.41 37.000 0.000 0.000
"524" 2.842 37.075 37.000 0.000 0.000
"525" 3.142 44.039 37.000 0.000 0.000
"526" 3.442 53.294 37.000 0.000 0.000
"527" 3.742 61.548 37.000 0.000 0.000
"528" 4.042 72.392 37.000 0.000 0.000
"529" 3.442 73.946 37.000 0.000 0.000
"530" 4.342 81.936 37.000 0.000 0.000
"531" 4.742 97.129 37.000 0.000 0.000
"532" 5.142 113.601 37.000 0.000 0.000
"533" 5.642 137.402 37.000 0.000 0.000
"534" 6.142 160.382 37.000 0.000 0.000
"535" 2.542 24.326 37.000 0.000 0.000
"536" 2.842 31.391 37.000 0.000 0.000
"537" 3.142 37.755 37.000 0.000 0.000
"538" 3.442 46.41 37.000 0.000 0.000
"539" 3.742 54.064 37.000 0.000 0.000
"540" 3.742 84 37.000 0.000 0.000
"541" 4.042 64.308 37.000 0.000 0.000
"542" 4.342 73.252 37.000 0.000 0.000
"543" 4.742 87.645 37.000 0.000 0.000
"544" 5.142 103.317 37.000 0.000 0.000
"545" 5.642 126.118 37.000 0.000 0.000
"546" 6.142 148.098 37.000 0.000 0.000
"547" 4.042 96.644 37.000 0.000 0.000
"548" 4.342 107.988 37.000 0.000 0.000
"549" 4.742 125.581 37.000 0.000 0.000
"550" 5.142 144.453 37.000 0.000 0.000
"551" 2.553 32.119 41.000 6.383 0.000
"552" 5.653 109.487 41.000 5.653 0.000
"553" 6.153 123.842 41.000 6.153 0.000
"554" 2.553 27.012 41.000 6.383 0.000
"555" 2.853 32.972 41.000 5.707 0.000
"556" 3.153 37.925 41.000 6.307 0.000
"557" 3.453 43.148 41.000 6.907 0.000
"558" 3.753 50.518 41.000 5.630 0.000
"559" 4.053 56.431 41.000 6.080 0.000
"560" 4.353 62.614 41.000 6.530 0.000
"561" 4.753 73.654 41.000 4.753 0.000
"562" 2.853 38.679 41.000 5.707 0.000
"563" 5.153 82.998 41.000 7.730 0.000
"564" 5.653 98.18 41.000 5.653 0.000
"565" 6.153 111.535 41.000 6.153 0.000
"566" 2.553 21.906 41.000 7.380 0.330
"567" 2.853 27.265 41.000 5.707 0.000
"568" 3.153 31.618 41.000 6.307 0.000
"569" 3.453 36.241 41.000 6.907 0.000
"570" 3.753 43.011 41.000 5.630 0.000
"571" 4.053 48.324 41.000 6.080 0.000
"572" 4.353 53.907 41.000 6.530 0.000
"573" 3.153 44.232 41.000 6.307 0.000
"574" 4.753 64.148 41.000 4.753 0.000
"575" 5.153 72.692 41.000 7.730 0.000
"576" 5.653 86.873 41.000 5.653 0.000
"577" 6.153 99.228 41.000 6.153 0.000
"578" 2.553 16.799 41.000 8.375 1.000
"579" 2.853 21.559 41.000 6.861 0.500
"580" 3.153 25.312 41.000 8.212 0.570
"581" 3.453 29.335 41.000 6.743 0.390
"582" 3.753 35.504 41.000 6.625 0.330
"583" 4.053 40.217 41.000 7.075 0.330
"584" 3.453 50.055 41.000 6.907 0.000
"585" 4.353 45.2 41.000 7.525 0.330
"586" 4.753 54.641 41.000 4.753 0.000
"587" 5.153 62.385 41.000 8.017 0.150
"588" 5.653 75.567 41.000 5.653 0.000
"589" 6.153 86.922 41.000 6.153 0.000
"590" 2.553 11.692 41.000 11.692 4.400
"591" 2.853 15.852 41.000 7.779 1.240
"592" 3.153 19.005 41.000 6.221 1.000
"593" 3.453 22.428 41.000 7.636 1.090
"594" 3.753 27.998 41.000 7.283 0.850
"595" 3.753 58.024 41.000 5.630 0.000
"596" 4.053 32.111 41.000 8.396 0.900
"597" 4.353 36.494 41.000 9.607 0.950
"598" 4.753 45.134 41.000 6.409 0.670
"599" 5.153 52.078 41.000 6.809 0.670
"600" 5.653 64.26 41.000 8.203 0.560
"601" 6.153 74.615 41.000 8.140 0.670
"602" 4.053 64.537 41.000 6.080 0.000
"603" 4.353 71.32 41.000 6.530 0.000
"604" 4.753 83.161 41.000 4.753 0.000
"605" 5.153 93.305 41.000 7.730 0.000
"606" 2.553 35.949 41.000 3.830 0.000
"607" 5.653 123.62 41.000 0.000 0.000
"608" 6.153 142.302 41.000 0.000 0.000
"609" 2.553 30.842 41.000 3.830 0.000
"610" 2.853 37.252 41.000 2.853 0.000
"611" 3.153 42.655 41.000 3.153 0.000
"612" 3.453 50.055 41.000 3.453 0.000
"613" 3.753 56.148 41.000 3.753 0.000
"614" 4.053 64.537 41.000 2.027 0.000
"615" 4.353 73.497 41.000 0.000 0.000
"616" 4.753 83.161 41.000 2.377 0.000
"617" 2.853 42.959 41.000 2.853 0.000
"618" 5.153 95.882 41.000 0.000 0.000
"619" 5.653 112.313 41.000 0.000 0.000
"620" 6.153 129.995 41.000 0.000 0.000
"621" 2.553 25.736 41.000 3.830 0.000
"622" 2.853 31.545 41.000 2.853 0.000
"623" 3.153 36.348 41.000 3.153 0.000
"624" 3.453 43.148 41.000 3.453 0.000
"625" 3.753 48.641 41.000 3.753 0.000
"626" 4.053 56.431 41.000 2.027 0.000
"627" 4.353 64.79 41.000 0.000 0.000
"628" 3.153 48.962 41.000 3.153 0.000
"629" 4.753 73.654 41.000 2.377 0.000
"630" 5.153 85.575 41.000 0.000 0.000
"631" 5.653 101.007 41.000 0.000 0.000
"632" 6.153 117.688 41.000 0.000 0.000
"633" 2.553 20.629 41.000 4.993 0.330
"634" 2.853 25.839 41.000 2.853 0.000
"635" 3.153 30.042 41.000 3.153 0.000
"636" 3.453 36.241 41.000 3.453 0.000
"637" 3.753 41.134 41.000 3.753 0.000
"638" 4.053 48.324 41.000 2.027 0.000
"639" 3.453 56.961 41.000 3.453 0.000
"640" 4.353 56.084 41.000 0.000 0.000
"641" 4.753 64.148 41.000 2.377 0.000
"642" 5.153 75.268 41.000 0.000 0.000
"643" 5.653 89.7 41.000 0.000 0.000
"644" 6.153 105.382 41.000 0.000 0.000
"645" 2.553 15.522 41.000 6.321 1.000
"646" 2.853 20.132 41.000 4.846 0.670
"647" 3.153 23.735 41.000 5.146 0.670
"648" 3.453 29.335 41.000 2.889 0.330
"649" 3.753 33.628 41.000 3.039 0.330
"650" 3.753 63.654 41.000 3.753 0.000
"651" 4.053 40.217 41.000 3.355 0.330
"652" 4.353 47.377 41.000 0.000 0.000
"653" 4.753 54.641 41.000 2.404 0.130
"654" 5.153 64.962 41.000 0.000 0.000
"655" 5.653 78.393 41.000 0.000 0.000
"656" 6.153 93.075 41.000 0.000 0.000
"657" 4.053 72.644 41.000 2.027 0.000
"658" 4.353 82.204 41.000 0.000 0.000
"659" 4.753 92.668 41.000 2.377 0.000
"660" 5.153 106.188 41.000 0.000 0.000
"661" 2.553 38.502 41.000 2.553 0.000
"662" 5.653 140.58 41.000 0.000 0.000
"663" 6.153 160.762 41.000 0.000 0.000
"664" 2.553 33.396 41.000 2.553 0.000
"665" 2.853 40.105 41.000 1.427 0.000
"666" 3.153 47.385 41.000 1.577 0.000
"667" 3.453 55.235 41.000 0.000 0.000
"668" 3.753 63.654 41.000 0.000 0.000
"669" 4.053 72.644 41.000 0.000 0.000
"670" 4.353 82.204 41.000 0.000 0.000
"671" 4.753 95.044 41.000 0.000 0.000
"672" 2.853 45.812 41.000 1.427 0.000
"673" 5.153 108.765 41.000 0.000 0.000
"674" 5.653 129.273 41.000 0.000 0.000
"675" 6.153 148.455 41.000 0.000 0.000
"676" 2.553 28.289 41.000 2.553 0.000
"677" 2.853 34.399 41.000 1.427 0.000
"678" 3.153 41.078 41.000 1.577 0.000
"679" 3.453 48.328 41.000 0.000 0.000
"680" 3.753 56.148 41.000 0.000 0.000
"681" 4.053 64.537 41.000 0.000 0.000
"682" 4.353 73.497 41.000 0.000 0.000
"683" 3.153 53.692 41.000 1.577 0.000
"684" 4.753 85.538 41.000 0.000 0.000
"685" 5.153 98.458 41.000 0.000 0.000
"686" 5.653 117.967 41.000 0.000 0.000
"687" 6.153 136.148 41.000 0.000 0.000
"688" 2.553 23.182 41.000 2.553 0.000
"689" 2.853 28.692 41.000 1.427 0.000
"690" 3.153 34.772 41.000 1.577 0.000
"691" 3.453 41.421 41.000 0.000 0.000
"692" 3.753 48.641 41.000 0.000 0.000
"693" 4.053 56.431 41.000 0.000 0.000
"694" 3.453 62.141 41.000 0.000 0.000
"695" 4.353 64.79 41.000 0.000 0.000
"696" 4.753 76.031 41.000 0.000 0.000
"697" 5.153 88.152 41.000 0.000 0.000
"698" 5.653 106.66 41.000 0.000 0.000
"699" 6.153 123.842 41.000 0.000 0.000
"700" 2.553 18.076 41.000 4.880 0.670
"701" 2.853 22.985 41.000 2.756 0.330
"702" 3.153 28.465 41.000 0.638 0.050
"703" 3.453 34.515 41.000 0.000 0.000
"704" 3.753 41.134 41.000 0.000 0.000
"705" 3.753 71.161 41.000 0.000 0.000
"706" 4.053 48.324 41.000 0.000 0.000
"707" 4.353 56.084 41.000 0.000 0.000
"708" 4.753 66.524 41.000 0.000 0.000
"709" 5.153 77.845 41.000 0.000 0.000
"710" 5.653 95.353 41.000 0.000 0.000
"711" 6.153 111.535 41.000 0.000 0.000
"712" 4.053 80.751 41.000 0.000 0.000
"713" 4.353 90.91 41.000 0.000 0.000
"714" 4.753 104.551 41.000 0.000 0.000
"715" 5.153 119.072 41.000 0.000 0.000
"716" 2.553 42.332 41.000 0.000 0.000
"717" 5.653 154.713 41.000 0.000 0.000
"718" 6.153 179.222 41.000 0.000 0.000
"719" 2.553 37.226 41.000 0.000 0.000
"720" 2.853 44.385 41.000 0.000 0.000
"721" 3.153 52.115 41.000 0.000 0.000
"722" 3.453 60.415 41.000 0.000 0.000
"723" 3.753 71.161 41.000 0.000 0.000
"724" 4.053 80.751 41.000 0.000 0.000
"725" 4.353 90.91 41.000 0.000 0.000
"726" 4.753 106.928 41.000 0.000 0.000
"727" 2.853 50.092 41.000 0.000 0.000
"728" 5.153 121.648 41.000 0.000 0.000
"729" 5.653 143.407 41.000 0.000 0.000
"730" 6.153 166.915 41.000 0.000 0.000
"731" 2.553 32.119 41.000 0.000 0.000
"732" 2.853 38.679 41.000 0.000 0.000
"733" 3.153 45.808 41.000 0.000 0.000
"734" 3.453 53.508 41.000 0.000 0.000
"735" 3.753 63.654 41.000 0.000 0.000
"736" 4.053 72.644 41.000 0.000 0.000
"737" 4.353 82.204 41.000 0.000 0.000
"738" 3.153 58.422 41.000 0.000 0.000
"739" 4.753 97.421 41.000 0.000 0.000
"740" 5.153 111.342 41.000 0.000 0.000
"741" 5.653 132.1 41.000 0.000 0.000
"742" 6.153 154.608 41.000 0.000 0.000
"743" 2.553 27.012 41.000 0.000 0.000
"744" 2.853 32.972 41.000 0.000 0.000
"745" 3.153 39.502 41.000 0.000 0.000
"746" 3.453 46.601 41.000 0.000 0.000
"747" 3.753 56.148 41.000 0.000 0.000
"748" 4.053 64.537 41.000 0.000 0.000
"749" 3.453 67.321 41.000 0.000 0.000
"750" 4.353 73.497 41.000 0.000 0.000
"751" 4.753 87.914 41.000 0.000 0.000
"752" 5.153 101.035 41.000 0.000 0.000
"753" 5.653 120.793 41.000 0.000 0.000
"754" 6.153 142.302 41.000 0.000 0.000
"755" 2.553 21.906 41.000 0.000 0.000
"756" 2.853 27.265 41.000 0.000 0.000
"757" 3.153 33.195 41.000 0.000 0.000
"758" 3.453 39.695 41.000 0.000 0.000
"759" 3.753 48.641 41.000 0.000 0.000
"760" 3.753 78.668 41.000 0.000 0.000
"761" 4.053 56.431 41.000 0.000 0.000
"762" 4.353 64.79 41.000 0.000 0.000
"763" 4.753 78.408 41.000 0.000 0.000
"764" 5.153 90.728 41.000 0.000 0.000
"765" 5.653 109.487 41.000 0.000 0.000
"766" 6.153 129.995 41.000 0.000 0.000
"767" 4.053 88.857 41.000 0.000 0.000
"768" 4.353 99.617 41.000 0.000 0.000
"769" 4.753 116.434 41.000 0.000 0.000
"770" 5.153 131.955 41.000 0.000 0.000
"771" 2.553 44.886 41.000 0.000 0.000
"772" 5.653 171.673 41.000 0.000 0.000
"773" 6.153 197.682 41.000 0.000 0.000
"774" 2.553 39.779 41.000 0.000 0.000
"775" 2.853 48.665 41.000 0.000 0.000
"776" 3.153 56.845 41.000 0.000 0.000
"777" 3.453 67.321 41.000 0.000 0.000
"778" 3.753 76.791 41.000 0.000 0.000
"779" 4.053 88.857 41.000 0.000 0.000
"780" 4.353 99.617 41.000 0.000 0.000
"781" 4.753 116.434 41.000 0.000 0.000
"782" 2.853 54.372 41.000 0.000 0.000
"783" 5.153 134.532 41.000 0.000 0.000
"784" 5.653 160.367 41.000 0.000 0.000
"785" 6.153 185.375 41.000 0.000 0.000
"786" 2.553 34.672 41.000 0.000 0.000
"787" 2.853 42.959 41.000 0.000 0.000
"788" 3.153 50.538 41.000 0.000 0.000
"789" 3.453 60.415 41.000 0.000 0.000
"790" 3.753 69.284 41.000 0.000 0.000
"791" 4.053 80.751 41.000 0.000 0.000
"792" 4.353 90.91 41.000 0.000 0.000
"793" 3.153 63.152 41.000 0.000 0.000
"794" 4.753 106.928 41.000 0.000 0.000
"795" 5.153 124.225 41.000 0.000 0.000
"796" 5.653 149.06 41.000 0.000 0.000
"797" 6.153 173.068 41.000 0.000 0.000
"798" 2.553 29.566 41.000 0.000 0.000
"799" 2.853 37.252 41.000 0.000 0.000
"800" 3.153 44.232 41.000 0.000 0.000
"801" 3.453 53.508 41.000 0.000 0.000
"802" 3.753 61.778 41.000 0.000 0.000
"803" 4.053 72.644 41.000 0.000 0.000
"804" 3.453 74.228 41.000 0.000 0.000
"805" 4.353 82.204 41.000 0.000 0.000
"806" 4.753 97.421 41.000 0.000 0.000
"807" 5.153 113.918 41.000 0.000 0.000
"808" 5.653 137.753 41.000 0.000 0.000
"809" 6.153 160.762 41.000 0.000 0.000
"810" 2.553 24.459 41.000 0.000 0.000
"811" 2.853 31.545 41.000 0.000 0.000
"812" 3.153 37.925 41.000 0.000 0.000
"813" 3.453 46.601 41.000 0.000 0.000
"814" 3.753 54.271 41.000 0.000 0.000
"815" 3.753 84.298 41.000 0.000 0.000
"816" 4.053 64.537 41.000 0.000 0.000
"817" 4.353 73.497 41.000 0.000 0.000
"818" 4.753 87.914 41.000 0.000 0.000
"819" 5.153 103.612 41.000 0.000 0.000
"820" 5.653 126.447 41.000 0.000 0.000
"821" 6.153 148.455 41.000 0.000 0.000
"822" 4.053 96.964 41.000 0.000 0.000
"823" 4.353 108.324 41.000 0.000 0.000
"824" 4.753 125.941 41.000 0.000 0.000
"825" 5.153 144.838 41.000 0.000 0.000
"826" 2.56 32.217 44.000 6.400 0.000
"827" 5.66 109.66 44.000 5.660 0.000
"828" 6.16 124.025 44.000 6.160 0.000
"829" 2.56 27.097 44.000 6.400 0.000
"830" 2.86 33.066 44.000 5.720 0.000
"831" 3.16 38.025 44.000 6.320 0.000
"832" 3.46 43.254 44.000 6.920 0.000
"833" 3.76 50.633 44.000 5.640 0.000
"834" 4.06 56.552 44.000 6.090 0.000
"835" 4.36 62.741 44.000 6.540 0.000
"836" 4.76 73.793 44.000 4.760 0.000
"837" 2.86 38.786 44.000 5.720 0.000
"838" 5.16 83.145 44.000 5.160 0.000
"839" 5.66 98.34 44.000 5.660 0.000
"840" 6.16 111.705 44.000 6.160 0.000
"841" 2.56 21.977 44.000 5.725 0.060
"842" 2.86 27.346 44.000 5.720 0.000
"843" 3.16 31.705 44.000 6.320 0.000
"844" 3.46 36.334 44.000 6.920 0.000
"845" 3.76 43.113 44.000 5.640 0.000
"846" 4.06 48.432 44.000 6.090 0.000
"847" 4.36 54.021 44.000 6.540 0.000
"848" 3.16 44.345 44.000 6.320 0.000
"849" 4.76 64.273 44.000 4.760 0.000
"850" 5.16 72.825 44.000 5.160 0.000
"851" 5.66 87.02 44.000 5.660 0.000
"852" 6.16 99.385 44.000 6.160 0.000
"853" 2.56 16.857 44.000 6.448 0.670
"854" 2.86 21.626 44.000 5.987 0.420
"855" 3.16 25.385 44.000 5.570 0.330
"856" 3.46 29.414 44.000 6.019 0.330
"857" 3.76 35.593 44.000 7.642 0.280
"858" 4.06 40.312 44.000 7.085 0.330
"859" 3.46 50.174 44.000 6.920 0.000
"860" 4.36 45.301 44.000 7.535 0.330
"861" 4.76 54.753 44.000 4.760 0.000
"862" 5.16 62.505 44.000 5.160 0.000
"863" 5.66 75.7 44.000 5.660 0.000
"864" 6.16 87.065 44.000 6.160 0.000
"865" 2.56 11.737 44.000 11.737 4.400
"866" 2.86 15.906 44.000 5.781 1.000
"867" 3.16 19.065 44.000 6.231 1.000
"868" 3.46 22.494 44.000 6.680 1.000
"869" 3.76 28.073 44.000 5.085 0.670
"870" 3.76 58.153 44.000 5.640 0.000
"871" 4.06 32.192 44.000 5.385 0.670
"872" 4.36 36.581 44.000 6.565 0.730
"873" 4.76 45.233 44.000 6.416 0.670
"874" 5.16 52.185 44.000 6.815 0.670
"875" 5.66 64.38 44.000 5.914 0.440
"876" 6.16 74.745 44.000 8.146 0.670
"877" 4.06 64.672 44.000 6.090 0.000
"878" 4.36 71.461 44.000 6.540 0.000
"879" 4.76 83.313 44.000 4.760 0.000
"880" 5.16 93.465 44.000 5.160 0.000
"881" 2.56 36.057 44.000 3.840 0.000
"882" 5.66 123.81 44.000 0.000 0.000
"883" 6.16 142.505 44.000 0.000 0.000
"884" 2.56 30.937 44.000 3.840 0.000
"885" 2.86 37.356 44.000 2.860 0.000
"886" 3.16 42.765 44.000 3.160 0.000
"887" 3.46 50.174 44.000 1.730 0.000
"888" 3.76 56.273 44.000 1.880 0.000
"889" 4.06 64.672 44.000 2.030 0.000
"890" 4.36 73.641 44.000 0.000 0.000
"891" 4.76 83.313 44.000 0.000 0.000
"892" 2.86 43.076 44.000 2.860 0.000
"893" 5.16 96.045 44.000 0.000 0.000
"894" 5.66 112.49 44.000 0.000 0.000
"895" 6.16 130.185 44.000 0.000 0.000
"896" 2.56 25.817 44.000 3.840 0.000
"897" 2.86 31.636 44.000 2.860 0.000
"898" 3.16 36.445 44.000 3.160 0.000
"899" 3.46 43.254 44.000 1.730 0.000
"900" 3.76 48.753 44.000 1.880 0.000
"901" 4.06 56.552 44.000 2.030 0.000
"902" 4.36 64.921 44.000 0.000 0.000
"903" 3.16 49.085 44.000 3.160 0.000
"904" 4.76 73.793 44.000 0.000 0.000
"905" 5.16 85.725 44.000 0.000 0.000
"906" 5.66 101.17 44.000 0.000 0.000
"907" 6.16 117.865 44.000 0.000 0.000
"908" 2.56 20.697 44.000 4.885 0.210
"909" 2.86 25.916 44.000 2.860 0.000
"910" 3.16 30.125 44.000 3.160 0.000
"911" 3.46 36.334 44.000 1.730 0.000
"912" 3.76 41.233 44.000 1.880 0.000
"913" 4.06 48.432 44.000 2.030 0.000
"914" 3.46 57.094 44.000 1.730 0.000
"915" 4.36 56.201 44.000 0.000 0.000
"916" 4.76 64.273 44.000 0.000 0.000
"917" 5.16 75.405 44.000 0.000 0.000
"918" 5.66 89.85 44.000 0.000 0.000
"919" 6.16 105.545 44.000 0.000 0.000
"920" 2.56 15.577 44.000 4.221 0.670
"921" 2.86 20.196 44.000 2.426 0.330
"922" 3.16 23.805 44.000 3.881 0.440
"923" 3.46 29.414 44.000 2.892 0.330
"924" 3.76 33.713 44.000 3.042 0.330
"925" 3.76 63.793 44.000 1.880 0.000
"926" 4.06 40.312 44.000 0.322 0.020
"927" 4.36 47.481 44.000 0.000 0.000
"928" 4.76 54.753 44.000 0.000 0.000
"929" 5.16 65.085 44.000 0.000 0.000
"930" 5.66 78.53 44.000 0.000 0.000
"931" 6.16 93.225 44.000 0.000 0.000
"932" 4.06 72.792 44.000 2.030 0.000
"933" 4.36 82.361 44.000 0.000 0.000
"934" 4.76 92.833 44.000 0.000 0.000
"935" 5.16 106.365 44.000 0.000 0.000
"936" 2.56 38.617 44.000 2.560 0.000
"937" 5.66 140.79 44.000 0.000 0.000
"938" 6.16 160.985 44.000 0.000 0.000
"939" 2.56 33.497 44.000 2.560 0.000
"940" 2.86 40.216 44.000 1.430 0.000
"941" 3.16 47.505 44.000 0.000 0.000
"942" 3.46 55.364 44.000 0.000 0.000
"943" 3.76 63.793 44.000 0.000 0.000
"944" 4.06 72.792 44.000 0.000 0.000
"945" 4.36 82.361 44.000 0.000 0.000
"946" 4.76 95.213 44.000 0.000 0.000
"947" 2.86 45.936 44.000 1.430 0.000
"948" 5.16 108.945 44.000 0.000 0.000
"949" 5.66 129.47 44.000 0.000 0.000
"950" 6.16 148.665 44.000 0.000 0.000
"951" 2.56 28.377 44.000 2.560 0.000
"952" 2.86 34.496 44.000 1.430 0.000
"953" 3.16 41.185 44.000 0.000 0.000
"954" 3.46 48.444 44.000 0.000 0.000
"955" 3.76 56.273 44.000 0.000 0.000
"956" 4.06 64.672 44.000 0.000 0.000
"957" 4.36 73.641 44.000 0.000 0.000
"958" 3.16 53.825 44.000 0.000 0.000
"959" 4.76 85.693 44.000 0.000 0.000
"960" 5.16 98.625 44.000 0.000 0.000
"961" 5.66 118.15 44.000 0.000 0.000
"962" 6.16 136.345 44.000 0.000 0.000
"963" 2.56 23.257 44.000 2.560 0.000
"964" 2.86 28.776 44.000 1.430 0.000
"965" 3.16 34.865 44.000 0.000 0.000
"966" 3.46 41.524 44.000 0.000 0.000
"967" 3.76 48.753 44.000 0.000 0.000
"968" 4.06 56.552 44.000 0.000 0.000
"969" 3.46 62.284 44.000 0.000 0.000
"970" 4.36 64.921 44.000 0.000 0.000
"971" 4.76 76.173 44.000 0.000 0.000
"972" 5.16 88.305 44.000 0.000 0.000
"973" 5.66 106.83 44.000 0.000 0.000
"974" 6.16 124.025 44.000 0.000 0.000
"975" 2.56 18.137 44.000 3.115 0.400
"976" 2.86 23.056 44.000 2.759 0.330
"977" 3.16 28.545 44.000 0.000 0.000
"978" 3.46 34.604 44.000 0.000 0.000
"979" 3.76 41.233 44.000 0.000 0.000
"980" 3.76 71.313 44.000 0.000 0.000
"981" 4.06 48.432 44.000 0.000 0.000
"982" 4.36 56.201 44.000 0.000 0.000
"983" 4.76 66.653 44.000 0.000 0.000
"984" 5.16 77.985 44.000 0.000 0.000
"985" 5.66 95.51 44.000 0.000 0.000
"986" 6.16 111.705 44.000 0.000 0.000
"987" 4.06 80.912 44.000 0.000 0.000
"988" 4.36 91.081 44.000 0.000 0.000
"989" 4.76 104.733 44.000 0.000 0.000
"990" 5.16 119.265 44.000 0.000 0.000
"991" 2.56 42.457 44.000 0.000 0.000
"992" 5.66 154.94 44.000 0.000 0.000
"993" 6.16 179.465 44.000 0.000 0.000
"994" 2.56 37.337 44.000 0.000 0.000
"995" 2.86 44.506 44.000 0.000 0.000
"996" 3.16 52.245 44.000 0.000 0.000
"997" 3.46 60.554 44.000 0.000 0.000
"998" 3.76 71.313 44.000 0.000 0.000
"999" 4.06 80.912 44.000 0.000 0.000
"1000" 4.36 91.081 44.000 0.000 0.000
"1001" 4.76 107.113 44.000 0.000 0.000
"1002" 2.86 50.226 44.000 0.000 0.000
"1003" 5.16 121.845 44.000 0.000 0.000
"1004" 5.66 143.62 44.000 0.000 0.000
"1005" 6.16 167.145 44.000 0.000 0.000
"1006" 2.56 32.217 44.000 0.000 0.000
"1007" 2.86 38.786 44.000 0.000 0.000
"1008" 3.16 45.925 44.000 0.000 0.000
"1009" 3.46 53.634 44.000 0.000 0.000
"1010" 3.76 63.793 44.000 0.000 0.000
"1011" 4.06 72.792 44.000 0.000 0.000
"1012" 4.36 82.361 44.000 0.000 0.000
"1013" 3.16 58.565 44.000 0.000 0.000
"1014" 4.76 97.593 44.000 0.000 0.000
"1015" 5.16 111.525 44.000 0.000 0.000
"1016" 5.66 132.3 44.000 0.000 0.000
"1017" 6.16 154.825 44.000 0.000 0.000
"1018" 2.56 27.097 44.000 0.000 0.000
"1019" 2.86 33.066 44.000 0.000 0.000
"1020" 3.16 39.605 44.000 0.000 0.000
"1021" 3.46 46.714 44.000 0.000 0.000
"1022" 3.76 56.273 44.000 0.000 0.000
"1023" 4.06 64.672 44.000 0.000 0.000
"1024" 3.46 67.474 44.000 0.000 0.000
"1025" 4.36 73.641 44.000 0.000 0.000
"1026" 4.76 88.073 44.000 0.000 0.000
"1027" 5.16 101.205 44.000 0.000 0.000
"1028" 5.66 120.98 44.000 0.000 0.000
"1029" 6.16 142.505 44.000 0.000 0.000
"1030" 2.56 21.977 44.000 0.000 0.000
"1031" 2.86 27.346 44.000 0.000 0.000
"1032" 3.16 33.285 44.000 0.000 0.000
"1033" 3.46 39.794 44.000 0.000 0.000
"1034" 3.76 48.753 44.000 0.000 0.000
"1035" 3.76 78.833 44.000 0.000 0.000
"1036" 4.06 56.552 44.000 0.000 0.000
"1037" 4.36 64.921 44.000 0.000 0.000
"1038" 4.76 78.553 44.000 0.000 0.000
"1039" 5.16 90.885 44.000 0.000 0.000
"1040" 5.66 109.66 44.000 0.000 0.000
"1041" 6.16 130.185 44.000 0.000 0.000
"1042" 4.06 89.032 44.000 0.000 0.000
"1043" 4.36 99.801 44.000 0.000 0.000
"1044" 4.76 116.633 44.000 0.000 0.000
"1045" 5.16 132.165 44.000 0.000 0.000
"1046" 2.56 45.017 44.000 0.000 0.000
"1047" 5.66 171.92 44.000 0.000 0.000
"1048" 6.16 197.945 44.000 0.000 0.000
"1049" 2.56 39.897 44.000 0.000 0.000
"1050" 2.86 48.796 44.000 0.000 0.000
"1051" 3.16 56.985 44.000 0.000 0.000
"1052" 3.46 67.474 44.000 0.000 0.000
"1053" 3.76 76.953 44.000 0.000 0.000
"1054" 4.06 89.032 44.000 0.000 0.000
"1055" 4.36 99.801 44.000 0.000 0.000
"1056" 4.76 116.633 44.000 0.000 0.000
"1057" 2.86 54.516 44.000 0.000 0.000
"1058" 5.16 134.745 44.000 0.000 0.000
"1059" 5.66 160.6 44.000 0.000 0.000
"1060" 6.16 185.625 44.000 0.000 0.000
"1061" 2.56 34.777 44.000 0.000 0.000
"1062" 2.86 43.076 44.000 0.000 0.000
"1063" 3.16 50.665 44.000 0.000 0.000
"1064" 3.46 60.554 44.000 0.000 0.000
"1065" 3.76 69.433 44.000 0.000 0.000
"1066" 4.06 80.912 44.000 0.000 0.000
"1067" 4.36 91.081 44.000 0.000 0.000
"1068" 3.16 63.305 44.000 0.000 0.000
"1069" 4.76 107.113 44.000 0.000 0.000
"1070" 5.16 124.425 44.000 0.000 0.000
"1071" 5.66 149.28 44.000 0.000 0.000
"1072" 6.16 173.305 44.000 0.000 0.000
"1073" 2.56 29.657 44.000 0.000 0.000
"1074" 2.86 37.356 44.000 0.000 0.000
"1075" 3.16 44.345 44.000 0.000 0.000
"1076" 3.46 53.634 44.000 0.000 0.000
"1077" 3.76 61.913 44.000 0.000 0.000
"1078" 4.06 72.792 44.000 0.000 0.000
"1079" 3.46 74.394 44.000 0.000 0.000
"1080" 4.36 82.361 44.000 0.000 0.000
"1081" 4.76 97.593 44.000 0.000 0.000
"1082" 5.16 114.105 44.000 0.000 0.000
"1083" 5.66 137.96 44.000 0.000 0.000
"1084" 6.16 160.985 44.000 0.000 0.000
"1085" 2.56 24.537 44.000 0.000 0.000
"1086" 2.86 31.636 44.000 0.000 0.000
"1087" 3.16 38.025 44.000 0.000 0.000
"1088" 3.46 46.714 44.000 0.000 0.000
"1089" 3.76 54.393 44.000 0.000 0.000
"1090" 3.76 84.473 44.000 0.000 0.000
"1091" 4.06 64.672 44.000 0.000 0.000
"1092" 4.36 73.641 44.000 0.000 0.000
"1093" 4.76 88.073 44.000 0.000 0.000
"1094" 5.16 103.785 44.000 0.000 0.000
"1095" 5.66 126.64 44.000 0.000 0.000
"1096" 6.16 148.665 44.000 0.000 0.000
"1097" 4.06 97.152 44.000 0.000 0.000
"1098" 4.36 108.521 44.000 0.000 0.000
"1099" 4.76 126.153 44.000 0.000 0.000
"1100" 5.16 145.065 44.000 0.000 0.000
"1101" 2.57 32.371 52.000 5.141 0.000
"1102" 5.67 109.932 52.000 2.835 0.000
"1103" 6.17 124.313 52.000 6.170 0.000
"1104" 2.57 27.23 52.000 5.141 0.000
"1105" 2.87 33.214 52.000 4.306 0.000
"1106" 3.17 38.182 52.000 4.756 0.000
"1107" 3.47 43.42 52.000 5.206 0.000
"1108" 3.77 50.814 52.000 3.770 0.000
"1109" 4.07 56.742 52.000 4.070 0.000
"1110" 4.37 62.941 52.000 6.556 0.000
"1111" 4.77 74.011 52.000 4.770 0.000
"1112" 2.87 38.954 52.000 4.306 0.000
"1113" 5.17 83.375 52.000 5.170 0.000
"1114" 5.67 98.591 52.000 2.835 0.000
"1115" 6.17 111.972 52.000 6.170 0.000
"1116" 2.57 22.089 52.000 5.141 0.000
"1117" 2.87 27.473 52.000 4.306 0.000
"1118" 3.17 31.841 52.000 4.756 0.000
"1119" 3.47 36.479 52.000 5.206 0.000
"1120" 3.77 43.273 52.000 3.770 0.000
"1121" 4.07 48.602 52.000 4.070 0.000
"1122" 4.37 54.2 52.000 6.556 0.000
"1123" 3.17 44.523 52.000 4.756 0.000
"1124" 4.77 64.47 52.000 4.770 0.000
"1125" 5.17 73.034 52.000 5.170 0.000
"1126" 5.67 87.25 52.000 2.835 0.000
"1127" 6.17 99.631 52.000 6.170 0.000
"1128" 2.57 16.948 52.000 4.859 0.370
"1129" 2.87 21.732 52.000 5.135 0.330
"1130" 3.17 25.5 52.000 5.696 0.220
"1131" 3.47 29.539 52.000 7.512 0.330
"1132" 3.77 35.732 52.000 3.770 0.000
"1133" 4.07 40.461 52.000 4.070 0.000
"1134" 3.47 50.361 52.000 5.206 0.000
"1135" 4.37 45.459 52.000 4.584 0.010
"1136" 4.77 54.929 52.000 4.770 0.000
"1137" 5.17 62.693 52.000 5.170 0.000
"1138" 5.67 75.909 52.000 2.835 0.000
"1139" 6.17 87.29 52.000 6.170 0.000
"1140" 2.57 11.807 52.000 5.819 1.140
"1141" 2.87 15.991 52.000 4.397 0.720
"1142" 3.17 19.159 52.000 5.825 0.840
"1143" 3.47 22.598 52.000 4.463 0.670
"1144" 3.77 28.191 52.000 6.495 0.650
"1145" 3.77 58.355 52.000 3.770 0.000
"1146" 4.07 32.32 52.000 5.395 0.670
"1147" 4.37 36.718 52.000 5.694 0.670
"1148" 4.77 45.388 52.000 4.236 0.400
"1149" 5.17 52.352 52.000 8.419 0.630
"1150" 5.67 64.568 52.000 3.829 0.330
"1151" 6.17 74.949 52.000 5.275 0.390
"1152" 4.07 64.883 52.000 4.070 0.000
"1153" 4.37 71.682 52.000 6.556 0.000
"1154" 4.77 83.552 52.000 4.770 0.000
"1155" 5.17 93.716 52.000 5.170 0.000
"1156" 2.57 36.227 52.000 2.570 0.000
"1157" 5.67 124.108 52.000 0.000 0.000
"1158" 6.17 142.824 52.000 0.000 0.000
"1159" 2.57 31.086 52.000 2.570 0.000
"1160" 2.87 37.519 52.000 1.435 0.000
"1161" 3.17 42.938 52.000 1.585 0.000
"1162" 3.47 50.361 52.000 1.735 0.000
"1163" 3.77 56.47 52.000 1.885 0.000
"1164" 4.07 64.883 52.000 0.000 0.000
"1165" 4.37 73.867 52.000 0.000 0.000
"1166" 4.77 83.552 52.000 0.000 0.000
"1167" 2.87 43.26 52.000 1.435 0.000
"1168" 5.17 96.301 52.000 0.000 0.000
"1169" 5.67 112.767 52.000 0.000 0.000
"1170" 6.17 130.483 52.000 0.000 0.000
"1171" 2.57 25.945 52.000 2.570 0.000
"1172" 2.87 31.778 52.000 1.435 0.000
"1173" 3.17 36.597 52.000 1.585 0.000
"1174" 3.47 43.42 52.000 1.735 0.000
"1175" 3.77 48.929 52.000 1.885 0.000
"1176" 4.07 56.742 52.000 0.000 0.000
"1177" 4.37 65.126 52.000 0.000 0.000
"1178" 3.17 49.279 52.000 1.585 0.000
"1179" 4.77 74.011 52.000 0.000 0.000
"1180" 5.17 85.96 52.000 0.000 0.000
"1181" 5.67 101.426 52.000 0.000 0.000
"1182" 6.17 118.142 52.000 0.000 0.000
"1183" 2.57 20.804 52.000 2.570 0.000
"1184" 2.87 26.037 52.000 1.435 0.000
"1185" 3.17 30.256 52.000 1.585 0.000
"1186" 3.47 36.479 52.000 1.735 0.000
"1187" 3.77 41.388 52.000 1.885 0.000
"1188" 4.07 48.602 52.000 0.000 0.000
"1189" 3.47 57.302 52.000 1.735 0.000
"1190" 4.37 56.385 52.000 0.000 0.000
"1191" 4.77 64.47 52.000 0.000 0.000
"1192" 5.17 75.62 52.000 0.000 0.000
"1193" 5.67 90.085 52.000 0.000 0.000
"1194" 6.17 105.801 52.000 0.000 0.000
"1195" 2.57 15.663 52.000 3.143 0.440
"1196" 2.87 20.296 52.000 2.432 0.330
"1197" 3.17 23.915 52.000 2.581 0.330
"1198" 3.47 29.539 52.000 1.115 0.080
"1199" 3.77 33.847 52.000 4.471 0.310
"1200" 3.77 64.011 52.000 1.885 0.000
"1201" 4.07 40.461 52.000 0.000 0.000
"1202" 4.37 47.644 52.000 0.000 0.000
"1203" 4.77 54.929 52.000 0.000 0.000
"1204" 5.17 65.279 52.000 0.000 0.000
"1205" 5.67 78.745 52.000 0.000 0.000
"1206" 6.17 93.46 52.000 0.000 0.000
"1207" 4.07 73.024 52.000 0.000 0.000
"1208" 4.37 82.608 52.000 0.000 0.000
"1209" 4.77 93.093 52.000 0.000 0.000
"1210" 5.17 106.642 52.000 0.000 0.000
"1211" 2.57 38.797 52.000 1.285 0.000
"1212" 5.67 141.12 52.000 0.000 0.000
"1213" 6.17 161.336 52.000 0.000 0.000
"1214" 2.57 33.656 52.000 1.285 0.000
"1215" 2.87 40.39 52.000 0.000 0.000
"1216" 3.17 47.693 52.000 0.000 0.000
"1217" 3.47 55.567 52.000 0.000 0.000
"1218" 3.77 64.011 52.000 0.000 0.000
"1219" 4.07 73.024 52.000 0.000 0.000
"1220" 4.37 82.608 52.000 0.000 0.000
"1221" 4.77 95.478 52.000 0.000 0.000
"1222" 2.87 46.131 52.000 0.000 0.000
"1223" 5.17 109.228 52.000 0.000 0.000
"1224" 5.67 129.779 52.000 0.000 0.000
"1225" 6.17 148.995 52.000 0.000 0.000
"1226" 2.57 28.515 52.000 1.285 0.000
"1227" 2.87 34.649 52.000 0.000 0.000
"1228" 3.17 41.352 52.000 0.000 0.000
"1229" 3.47 48.626 52.000 0.000 0.000
"1230" 3.77 56.47 52.000 0.000 0.000
"1231" 4.07 64.883 52.000 0.000 0.000
"1232" 4.37 73.867 52.000 0.000 0.000
"1233" 3.17 54.034 52.000 0.000 0.000
"1234" 4.77 85.937 52.000 0.000 0.000
"1235" 5.17 98.887 52.000 0.000 0.000
"1236" 5.67 118.438 52.000 0.000 0.000
"1237" 6.17 136.654 52.000 0.000 0.000
"1238" 2.57 23.374 52.000 1.285 0.000
"1239" 2.87 28.908 52.000 0.000 0.000
"1240" 3.17 35.012 52.000 0.000 0.000
"1241" 3.47 41.685 52.000 0.000 0.000
"1242" 3.77 48.929 52.000 0.000 0.000
"1243" 4.07 56.742 52.000 0.000 0.000
"1244" 3.47 62.508 52.000 0.000 0.000
"1245" 4.37 65.126 52.000 0.000 0.000
"1246" 4.77 76.396 52.000 0.000 0.000
"1247" 5.17 88.546 52.000 0.000 0.000
"1248" 5.67 107.097 52.000 0.000 0.000
"1249" 6.17 124.313 52.000 0.000 0.000
"1250" 2.57 18.233 52.000 2.448 0.330
"1251" 2.87 23.167 52.000 0.000 0.000
"1252" 3.17 28.671 52.000 0.000 0.000
"1253" 3.47 34.744 52.000 0.000 0.000
"1254" 3.77 41.388 52.000 0.000 0.000
"1255" 3.77 71.552 52.000 0.000 0.000
"1256" 4.07 48.602 52.000 0.000 0.000
"1257" 4.37 56.385 52.000 0.000 0.000
"1258" 4.77 66.855 52.000 0.000 0.000
"1259" 5.17 78.205 52.000 0.000 0.000
"1260" 5.67 95.756 52.000 0.000 0.000
"1261" 6.17 111.972 52.000 0.000 0.000
"1262" 4.07 81.165 52.000 0.000 0.000
"1263" 4.37 91.349 52.000 0.000 0.000
"1264" 4.77 105.019 52.000 0.000 0.000
"1265" 5.17 119.569 52.000 0.000 0.000
"1266" 2.57 42.653 52.000 0.000 0.000
"1267" 5.67 155.296 52.000 0.000 0.000
"1268" 6.17 179.847 52.000 0.000 0.000
"1269" 2.57 37.512 52.000 0.000 0.000
"1270" 2.87 44.695 52.000 0.000 0.000
"1271" 3.17 52.449 52.000 0.000 0.000
"1272" 3.47 60.773 52.000 0.000 0.000
"1273" 3.77 71.552 52.000 0.000 0.000
"1274" 4.07 81.165 52.000 0.000 0.000
"1275" 4.37 91.349 52.000 0.000 0.000
"1276" 4.77 107.404 52.000 0.000 0.000
"1277" 2.87 50.436 52.000 0.000 0.000
"1278" 5.17 122.154 52.000 0.000 0.000
"1279" 5.67 143.955 52.000 0.000 0.000
"1280" 6.17 167.506 52.000 0.000 0.000
"1281" 2.57 32.371 52.000 0.000 0.000
"1282" 2.87 38.954 52.000 0.000 0.000
"1283" 3.17 46.108 52.000 0.000 0.000
"1284" 3.47 53.832 52.000 0.000 0.000
"1285" 3.77 64.011 52.000 0.000 0.000
"1286" 4.07 73.024 52.000 0.000 0.000
"1287" 4.37 82.608 52.000 0.000 0.000
"1288" 3.17 58.79 52.000 0.000 0.000
"1289" 4.77 97.863 52.000 0.000 0.000
"1290" 5.17 111.813 52.000 0.000 0.000
"1291" 5.67 132.614 52.000 0.000 0.000
"1292" 6.17 155.165 52.000 0.000 0.000
"1293" 2.57 27.23 52.000 0.000 0.000
"1294" 2.87 33.214 52.000 0.000 0.000
"1295" 3.17 39.767 52.000 0.000 0.000
"1296" 3.47 46.891 52.000 0.000 0.000
"1297" 3.77 56.47 52.000 0.000 0.000
"1298" 4.07 64.883 52.000 0.000 0.000
"1299" 3.47 67.714 52.000 0.000 0.000
"1300" 4.37 73.867 52.000 0.000 0.000
"1301" 4.77 88.322 52.000 0.000 0.000
"1302" 5.17 101.472 52.000 0.000 0.000
"1303" 5.67 121.273 52.000 0.000 0.000
"1304" 6.17 142.824 52.000 0.000 0.000
"1305" 2.57 22.089 52.000 0.000 0.000
"1306" 2.87 27.473 52.000 0.000 0.000
"1307" 3.17 33.426 52.000 0.000 0.000
"1308" 3.47 39.95 52.000 0.000 0.000
"1309" 3.77 48.929 52.000 0.000 0.000
"1310" 3.77 79.093 52.000 0.000 0.000
"1311" 4.07 56.742 52.000 0.000 0.000
"1312" 4.37 65.126 52.000 0.000 0.000
"1313" 4.77 78.781 52.000 0.000 0.000
"1314" 5.17 91.131 52.000 0.000 0.000
"1315" 5.67 109.932 52.000 0.000 0.000
"1316" 6.17 130.483 52.000 0.000 0.000
"1317" 4.07 89.306 52.000 0.000 0.000
"1318" 4.37 100.09 52.000 0.000 0.000
"1319" 4.77 116.945 52.000 0.000 0.000
"1320" 5.17 132.495 52.000 0.000 0.000
"1321" 2.57 45.223 52.000 0.000 0.000
"1322" 5.67 172.307 52.000 0.000 0.000
"1323" 6.17 198.358 52.000 0.000 0.000
"1324" 2.57 40.082 52.000 0.000 0.000
"1325" 2.87 49.001 52.000 0.000 0.000
"1326" 3.17 57.205 52.000 0.000 0.000
"1327" 3.47 67.714 52.000 0.000 0.000
"1328" 3.77 77.207 52.000 0.000 0.000
"1329" 4.07 89.306 52.000 0.000 0.000
"1330" 4.37 100.09 52.000 0.000 0.000
"1331" 4.77 116.945 52.000 0.000 0.000
"1332" 2.87 54.742 52.000 0.000 0.000
"1333" 5.17 135.08 52.000 0.000 0.000
"1334" 5.67 160.966 52.000 0.000 0.000
"1335" 6.17 186.017 52.000 0.000 0.000
"1336" 2.57 34.941 52.000 0.000 0.000
"1337" 2.87 43.26 52.000 0.000 0.000
"1338" 3.17 50.864 52.000 0.000 0.000
"1339" 3.47 60.773 52.000 0.000 0.000
"1340" 3.77 69.666 52.000 0.000 0.000
"1341" 4.07 81.165 52.000 0.000 0.000
"1342" 4.37 91.349 52.000 0.000 0.000
"1343" 3.17 63.546 52.000 0.000 0.000
"1344" 4.77 107.404 52.000 0.000 0.000
"1345" 5.17 124.739 52.000 0.000 0.000
"1346" 5.67 149.625 52.000 0.000 0.000
"1347" 6.17 173.677 52.000 0.000 0.000
"1348" 2.57 29.8 52.000 0.000 0.000
"1349" 2.87 37.519 52.000 0.000 0.000
"1350" 3.17 44.523 52.000 0.000 0.000
"1351" 3.47 53.832 52.000 0.000 0.000
"1352" 3.77 62.125 52.000 0.000 0.000
"1353" 4.07 73.024 52.000 0.000 0.000
"1354" 3.47 74.655 52.000 0.000 0.000
"1355" 4.37 82.608 52.000 0.000 0.000
"1356" 4.77 97.863 52.000 0.000 0.000
"1357" 5.17 114.398 52.000 0.000 0.000
"1358" 5.67 138.284 52.000 0.000 0.000
"1359" 6.17 161.336 52.000 0.000 0.000
"1360" 2.57 24.659 52.000 0.000 0.000
"1361" 2.87 31.778 52.000 0.000 0.000
"1362" 3.17 38.182 52.000 0.000 0.000
"1363" 3.47 46.891 52.000 0.000 0.000
"1364" 3.77 54.585 52.000 0.000 0.000
"1365" 3.77 84.748 52.000 0.000 0.000
"1366" 4.07 64.883 52.000 0.000 0.000
"1367" 4.37 73.867 52.000 0.000 0.000
"1368" 4.77 88.322 52.000 0.000 0.000
"1369" 5.17 104.057 52.000 0.000 0.000
"1370" 5.67 126.944 52.000 0.000 0.000
"1371" 2.529 31.762 33.000 8.852 0.000
"1372" 4.07 97.447 52.000 0.000 0.000
"1373" 4.37 108.831 52.000 0.000 0.000
"1374" 4.77 126.486 52.000 0.000 0.000
"1375" 5.17 145.421 52.000 0.000 0.000
"1376" 2.579 32.498 62.000 3.869 0.000
"1377" 5.679 110.156 62.000 2.840 0.000
"1378" 6.179 124.55 62.000 6.179 0.000
"1379" 2.579 27.339 62.000 3.869 0.000
"1380" 2.879 33.335 62.000 4.319 0.000
"1381" 3.179 38.311 62.000 4.769 0.000
"1382" 3.479 43.558 62.000 5.219 0.000
"1383" 3.779 50.963 62.000 3.779 0.000
"1384" 4.079 56.899 62.000 4.079 0.000
"1385" 4.379 63.106 62.000 4.379 0.000
"1386" 4.779 74.19 62.000 4.779 0.000
"1387" 2.879 39.093 62.000 4.319 0.000
"1388" 5.179 83.565 62.000 5.179 0.000
"1389" 5.679 98.798 62.000 2.840 0.000
"1390" 6.179 112.192 62.000 6.179 0.000
"1391" 2.579 22.181 62.000 3.869 0.000
"1392" 2.879 27.577 62.000 4.319 0.000
"1393" 3.179 31.953 62.000 4.769 0.000
"1394" 3.479 36.599 62.000 5.219 0.000
"1395" 3.779 43.405 62.000 3.779 0.000
"1396" 4.079 48.741 62.000 4.079 0.000
"1397" 4.379 54.347 62.000 4.379 0.000
"1398" 3.179 44.67 62.000 4.769 0.000
"1399" 4.779 64.632 62.000 4.779 0.000
"1400" 5.179 73.207 62.000 5.179 0.000
"1401" 5.679 87.44 62.000 2.840 0.000
"1402" 6.179 99.834 62.000 6.179 0.000
"1403" 2.579 17.023 62.000 4.532 0.330
"1404" 2.879 21.819 62.000 6.014 0.290
"1405" 3.179 25.595 62.000 4.334 0.100
"1406" 3.479 29.641 62.000 5.959 0.200
"1407" 3.779 35.847 62.000 3.779 0.000
"1408" 4.079 40.583 62.000 4.079 0.000
"1409" 3.479 50.516 62.000 5.219 0.000
"1410" 4.379 45.589 62.000 4.379 0.000
"1411" 4.779 55.074 62.000 4.779 0.000
"1412" 5.179 62.849 62.000 5.179 0.000
"1413" 5.679 76.082 62.000 2.840 0.000
"1414" 6.179 87.475 62.000 6.179 0.000
"1415" 2.579 11.865 62.000 4.861 1.000
"1416" 2.879 16.061 62.000 3.873 0.670
"1417" 3.179 19.237 62.000 4.172 0.670
"1418" 3.479 22.683 62.000 4.472 0.670
"1419" 3.779 28.289 62.000 5.218 0.550
"1420" 3.779 58.521 62.000 3.779 0.000
"1421" 4.079 32.425 62.000 5.404 0.670
"1422" 4.379 36.831 62.000 5.703 0.670
"1423" 4.779 45.516 62.000 3.217 0.330
"1424" 5.179 52.49 62.000 5.178 0.430
"1425" 5.679 64.724 62.000 3.833 0.330
"1426" 6.179 75.117 62.000 4.083 0.330
"1427" 4.079 65.058 62.000 4.079 0.000
"1428" 4.379 71.864 62.000 4.379 0.000
"1429" 4.779 83.748 62.000 4.779 0.000
"1430" 5.179 93.923 62.000 5.179 0.000
"1431" 2.579 36.366 62.000 2.579 0.000
"1432" 5.679 124.354 62.000 0.000 0.000
"1433" 6.179 143.087 62.000 0.000 0.000
"1434" 2.579 31.208 62.000 2.579 0.000
"1435" 2.879 37.654 62.000 1.440 0.000
"1436" 3.179 43.08 62.000 1.590 0.000
"1437" 3.479 50.516 62.000 1.740 0.000
"1438" 3.779 56.632 62.000 1.890 0.000
"1439" 4.079 65.058 62.000 0.000 0.000
"1440" 4.379 74.053 62.000 0.000 0.000
"1441" 4.779 83.748 62.000 0.000 0.000
"1442" 2.879 43.412 62.000 1.440 0.000
"1443" 5.179 96.513 62.000 0.000 0.000
"1444" 5.679 112.996 62.000 0.000 0.000
"1445" 6.179 130.729 62.000 0.000 0.000
"1446" 2.579 26.05 62.000 2.579 0.000
"1447" 2.879 31.896 62.000 1.440 0.000
"1448" 3.179 36.722 62.000 1.590 0.000
"1449" 3.479 43.558 62.000 1.740 0.000
"1450" 3.779 49.074 62.000 1.890 0.000
"1451" 4.079 56.899 62.000 0.000 0.000
"1452" 4.379 65.295 62.000 0.000 0.000
"1453" 3.179 49.438 62.000 1.590 0.000
"1454" 4.779 74.19 62.000 0.000 0.000
"1455" 5.179 86.155 62.000 0.000 0.000
"1456" 5.679 101.638 62.000 0.000 0.000
"1457" 6.179 118.371 62.000 0.000 0.000
"1458" 2.579 20.892 62.000 2.579 0.000
"1459" 2.879 26.137 62.000 1.440 0.000
"1460" 3.179 30.364 62.000 1.590 0.000
"1461" 3.479 36.599 62.000 1.740 0.000
"1462" 3.779 41.516 62.000 1.890 0.000
"1463" 4.079 48.741 62.000 0.000 0.000
"1464" 3.479 57.474 62.000 1.740 0.000
"1465" 4.379 56.537 62.000 0.000 0.000
"1466" 4.779 64.632 62.000 0.000 0.000
"1467" 5.179 75.796 62.000 0.000 0.000
"1468" 5.679 90.28 62.000 0.000 0.000
"1469" 6.179 106.013 62.000 0.000 0.000
"1470" 2.579 15.734 62.000 3.237 0.450
"1471" 2.879 20.379 62.000 2.436 0.330
"1472" 3.179 24.005 62.000 2.586 0.330
"1473" 3.479 29.641 62.000 1.494 0.110
"1474" 3.779 33.957 62.000 3.051 0.330
"1475" 3.779 64.19 62.000 1.890 0.000
"1476" 4.079 40.583 62.000 0.000 0.000
"1477" 4.379 47.779 62.000 0.000 0.000
"1478" 4.779 55.074 62.000 0.000 0.000
"1479" 5.179 65.438 62.000 0.000 0.000
"1480" 5.679 78.921 62.000 0.000 0.000
"1481" 6.179 93.655 62.000 0.000 0.000
"1482" 4.079 73.216 62.000 0.000 0.000
"1483" 4.379 82.812 62.000 0.000 0.000
"1484" 4.779 93.306 62.000 0.000 0.000
"1485" 5.179 106.871 62.000 0.000 0.000
"1486" 2.579 38.945 62.000 1.290 0.000
"1487" 5.679 141.391 62.000 0.000 0.000
"1488" 6.179 161.625 62.000 0.000 0.000
"1489" 2.579 33.787 62.000 1.290 0.000
"1490" 2.879 40.533 62.000 0.000 0.000
"1491" 3.179 47.849 62.000 0.000 0.000
"1492" 3.479 55.734 62.000 0.000 0.000
"1493" 3.779 64.19 62.000 0.000 0.000
"1494" 4.079 73.216 62.000 0.000 0.000
"1495" 4.379 82.812 62.000 0.000 0.000
"1496" 4.779 95.696 62.000 0.000 0.000
"1497" 2.879 46.291 62.000 0.000 0.000
"1498" 5.179 109.461 62.000 0.000 0.000
"1499" 5.679 130.033 62.000 0.000 0.000
"1500" 6.179 149.266 62.000 0.000 0.000
"1501" 2.579 28.629 62.000 1.290 0.000
"1502" 2.879 34.775 62.000 0.000 0.000
"1503" 3.179 41.49 62.000 0.000 0.000
"1504" 3.479 48.776 62.000 0.000 0.000
"1505" 3.779 56.632 62.000 0.000 0.000
"1506" 4.079 65.058 62.000 0.000 0.000
"1507" 4.379 74.053 62.000 0.000 0.000
"1508" 3.179 54.207 62.000 0.000 0.000
"1509" 4.779 86.138 62.000 0.000 0.000
"1510" 5.179 99.102 62.000 0.000 0.000
"1511" 5.679 118.675 62.000 0.000 0.000
"1512" 6.179 136.908 62.000 0.000 0.000
"1513" 2.579 23.471 62.000 1.290 0.000
"1514" 2.879 29.017 62.000 0.000 0.000
"1515" 3.179 35.132 62.000 0.000 0.000
"1516" 3.479 41.818 62.000 0.000 0.000
"1517" 3.779 49.074 62.000 0.000 0.000
"1518" 4.079 56.899 62.000 0.000 0.000
"1519" 3.479 62.693 62.000 0.000 0.000
"1520" 4.379 65.295 62.000 0.000 0.000
"1521" 4.779 76.58 62.000 0.000 0.000
"1522" 5.179 88.744 62.000 0.000 0.000
"1523" 5.679 107.317 62.000 0.000 0.000
"1524" 6.179 124.55 62.000 0.000 0.000
"1525" 2.579 18.313 62.000 2.453 0.330
"1526" 2.879 23.258 62.000 0.000 0.000
"1527" 3.179 28.774 62.000 0.000 0.000
"1528" 3.479 34.86 62.000 0.000 0.000
"1529" 3.779 41.516 62.000 0.000 0.000
"1530" 3.779 71.748 62.000 0.000 0.000
"1531" 4.079 48.741 62.000 0.000 0.000
"1532" 4.379 56.537 62.000 0.000 0.000
"1533" 4.779 67.021 62.000 0.000 0.000
"1534" 5.179 78.386 62.000 0.000 0.000
"1535" 5.679 95.959 62.000 0.000 0.000
"1536" 6.179 112.192 62.000 0.000 0.000
"1537" 4.079 81.374 62.000 0.000 0.000
"1538" 4.379 91.57 62.000 0.000 0.000
"1539" 4.779 105.254 62.000 0.000 0.000
"1540" 5.179 119.819 62.000 0.000 0.000
"1541" 2.579 42.814 62.000 0.000 0.000
"1542" 5.679 155.589 62.000 0.000 0.000
"1543" 6.179 180.162 62.000 0.000 0.000
"1544" 2.579 37.656 62.000 0.000 0.000
"1545" 2.879 44.852 62.000 0.000 0.000
"1546" 3.179 52.617 62.000 0.000 0.000
"1547" 3.479 60.953 62.000 0.000 0.000
"1548" 3.779 71.748 62.000 0.000 0.000
"1549" 4.079 81.374 62.000 0.000 0.000
"1550" 4.379 91.57 62.000 0.000 0.000
"1551" 4.779 107.644 62.000 0.000 0.000
"1552" 2.879 50.61 62.000 0.000 0.000
"1553" 5.179 122.408 62.000 0.000 0.000
"1554" 5.679 144.231 62.000 0.000 0.000
"1555" 6.179 167.804 62.000 0.000 0.000
"1556" 2.579 32.498 62.000 0.000 0.000
"1557" 2.879 39.093 62.000 0.000 0.000
"1558" 3.179 46.259 62.000 0.000 0.000
"1559" 3.479 53.995 62.000 0.000 0.000
"1560" 3.779 64.19 62.000 0.000 0.000
"1561" 4.079 73.216 62.000 0.000 0.000
"1562" 4.379 82.812 62.000 0.000 0.000
"1563" 3.179 58.975 62.000 0.000 0.000
"1564" 4.779 98.086 62.000 0.000 0.000
"1565" 5.179 112.05 62.000 0.000 0.000
"1566" 5.679 132.873 62.000 0.000 0.000
"1567" 6.179 155.446 62.000 0.000 0.000
"1568" 2.579 27.339 62.000 0.000 0.000
"1569" 2.879 33.335 62.000 0.000 0.000
"1570" 3.179 39.901 62.000 0.000 0.000
"1571" 3.479 47.037 62.000 0.000 0.000
"1572" 3.779 56.632 62.000 0.000 0.000
"1573" 4.079 65.058 62.000 0.000 0.000
"1574" 3.479 67.911 62.000 0.000 0.000
"1575" 4.379 74.053 62.000 0.000 0.000
"1576" 4.779 88.527 62.000 0.000 0.000
"1577" 5.179 101.692 62.000 0.000 0.000
"1578" 5.679 121.515 62.000 0.000 0.000
"1579" 6.179 143.087 62.000 0.000 0.000
"1580" 2.579 22.181 62.000 0.000 0.000
"1581" 2.879 27.577 62.000 0.000 0.000
"1582" 3.179 33.543 62.000 0.000 0.000
"1583" 3.479 40.078 62.000 0.000 0.000
"1584" 3.779 49.074 62.000 0.000 0.000
"1585" 3.779 79.306 62.000 0.000 0.000
"1586" 4.079 56.899 62.000 0.000 0.000
"1587" 4.379 65.295 62.000 0.000 0.000
"1588" 4.779 78.969 62.000 0.000 0.000
"1589" 5.179 91.334 62.000 0.000 0.000
"1590" 5.679 110.156 62.000 0.000 0.000
"1591" 6.179 130.729 62.000 0.000 0.000
"1592" 4.079 89.532 62.000 0.000 0.000
"1593" 4.379 100.328 62.000 0.000 0.000
"1594" 4.779 117.202 62.000 0.000 0.000
"1595" 5.179 132.766 62.000 0.000 0.000
"1596" 2.579 45.393 62.000 0.000 0.000
"1597" 5.679 172.626 62.000 0.000 0.000
"1598" 6.179 198.699 62.000 0.000 0.000
"1599" 2.579 40.235 62.000 0.000 0.000
"1600" 2.879 49.17 62.000 0.000 0.000
"1601" 3.179 57.386 62.000 0.000 0.000
"1602" 3.479 67.911 62.000 0.000 0.000
"1603" 3.779 77.417 62.000 0.000 0.000
"1604" 4.079 89.532 62.000 0.000 0.000
"1605" 4.379 100.328 62.000 0.000 0.000
"1606" 4.779 117.202 62.000 0.000 0.000
"1607" 2.879 54.928 62.000 0.000 0.000
"1608" 5.179 135.356 62.000 0.000 0.000
"1609" 5.679 161.268 62.000 0.000 0.000
"1610" 6.179 186.341 62.000 0.000 0.000
"1611" 2.579 35.077 62.000 0.000 0.000
"1612" 2.879 43.412 62.000 0.000 0.000
"1613" 3.179 51.028 62.000 0.000 0.000
"1614" 3.479 60.953 62.000 0.000 0.000
"1615" 3.779 69.859 62.000 0.000 0.000
"1616" 4.079 81.374 62.000 0.000 0.000
"1617" 4.379 91.57 62.000 0.000 0.000
"1618" 3.179 63.744 62.000 0.000 0.000
"1619" 4.779 107.644 62.000 0.000 0.000
"1620" 5.179 124.998 62.000 0.000 0.000
"1621" 5.679 149.91 62.000 0.000 0.000
"1622" 6.179 173.983 62.000 0.000 0.000
"1623" 2.579 29.919 62.000 0.000 0.000
"1624" 2.879 37.654 62.000 0.000 0.000
"1625" 3.179 44.67 62.000 0.000 0.000
"1626" 3.479 53.995 62.000 0.000 0.000
"1627" 3.779 62.301 62.000 0.000 0.000
"1628" 4.079 73.216 62.000 0.000 0.000
"1629" 3.479 74.869 62.000 0.000 0.000
"1630" 4.379 82.812 62.000 0.000 0.000
"1631" 4.779 98.086 62.000 0.000 0.000
"1632" 5.179 114.64 62.000 0.000 0.000
"1633" 5.679 138.552 62.000 0.000 0.000
"1634" 6.179 161.625 62.000 0.000 0.000
"1635" 2.579 24.76 62.000 0.000 0.000
"1636" 2.879 31.896 62.000 0.000 0.000
"1637" 3.179 38.311 62.000 0.000 0.000
"1638" 3.479 47.037 62.000 0.000 0.000
"1639" 3.779 54.742 62.000 0.000 0.000
"1640" 3.779 84.975 62.000 0.000 0.000
"1641" 4.079 65.058 62.000 0.000 0.000
"1642" 4.379 74.053 62.000 0.000 0.000
"1643" 4.779 88.527 62.000 0.000 0.000
"1644" 5.179 104.281 62.000 0.000 0.000
"1645" 5.679 127.194 62.000 0.000 0.000
"1646" 2.529 31.762 33.000 8.852 0.000
"1647" 4.079 97.69 55.000 0.000 0.000
"1648" 4.379 109.086 55.000 0.000 0.000
"1649" 4.779 126.76 55.000 0.000 0.000
"1650" 5.179 145.714 62.000 0.000 0.000